time x vel y vel
0.000000 -0.003146 -0.061219
0.112500 -0.005024 -0.090272
0.225000 -0.005637 -0.099219
0.337500 -0.005109 -0.089470
0.450000 -0.003725 -0.064390
0.562500 -0.002340 -0.039227
0.675000 -0.000956 -0.014010
0.787500 0.000427 0.011227
0.900000 0.001807 0.036456
1.012500 0.002737 0.052332
1.125000 0.002816 0.053801
1.237500 0.002274 0.043623
1.350000 0.001684 0.032672
1.462500 0.001095 0.021727
1.575000 0.000505 0.010789
1.687500 -0.000084 -0.000142
1.800000 -0.000673 -0.011063
1.912500 -0.001261 -0.021972
2.025000 -0.001848 -0.032870
2.137500 -0.002175 -0.037349
2.250000 -0.002298 -0.039205
2.362500 -0.002333 -0.039475
2.475000 -0.002340 -0.039263
2.587500 -0.002316 -0.038531
2.700000 -0.002290 -0.037785
2.812500 -0.002254 -0.036868
2.925000 -0.002216 -0.035940
3.037500 -0.002179 -0.035003
3.150000 -0.002138 -0.034031
3.262500 -0.002097 -0.033052
3.375000 -0.002054 -0.032066
3.487500 -0.002011 -0.031075
3.600000 -0.001967 -0.030083
3.712500 -0.001923 -0.029089
3.825000 -0.001879 -0.028097
3.937500 -0.001834 -0.027107
4.050000 -0.001789 -0.026121
4.162500 -0.001745 -0.025140
4.275000 -0.001699 -0.024166
4.387500 -0.001651 -0.023200
4.500000 -0.001610 -0.022243
4.612500 -0.001561 -0.021295
4.725000 -0.001517 -0.020361
4.837500 -0.001486 -0.019435
4.950000 -0.001412 -0.018526
5.062500 -0.001401 -0.017651
5.175000 -0.001367 -0.016783
5.287500 -0.001315 -0.015967
5.400000 -0.001221 -0.015163
5.512500 -0.001174 -0.014404
5.625000 -0.001167 -0.013652
5.737500 -0.001177 -0.012976
5.850000 -0.001088 -0.012321
5.962500 -0.001111 -0.011716
6.075000 -0.001042 -0.011157
6.187500 -0.001043 -0.010670
6.300000 -0.001019 -0.010249
6.412500 -0.001006 -0.009906
6.525000 -0.000993 -0.009634
6.637500 -0.000994 -0.009467
6.750000 -0.000988 -0.009397
6.862500 -0.000993 -0.009405
6.975000 -0.000999 -0.009514
7.087500 -0.001010 -0.009724
7.200000 -0.001025 -0.010030
7.312500 -0.001043 -0.010431
7.425000 -0.001064 -0.010943
7.537500 -0.001088 -0.011537
7.650000 -0.001114 -0.012205
7.762500 -0.001141 -0.012938
7.875000 -0.001168 -0.013739
7.987500 -0.001194 -0.014581
8.100000 -0.001219 -0.015459
8.212500 -0.001242 -0.016350
8.325000 -0.001261 -0.017238
8.437500 -0.001277 -0.018110
8.550000 -0.001289 -0.018939
8.662500 -0.001296 -0.019707
8.775000 -0.001298 -0.020396
8.887500 -0.001297 -0.021006
9.000000 -0.001291 -0.021503
9.112500 -0.001281 -0.021872
9.225000 -0.001266 -0.022100
9.337500 -0.001248 -0.022178
9.450000 -0.001225 -0.022097
9.562500 -0.001200 -0.021852
9.675000 -0.001170 -0.021441
9.787500 -0.001138 -0.020865
9.900000 -0.001101 -0.020125
10.012500 0.007268 -0.187756
10.125000 0.006365 -0.289398
10.237500 0.004361 -0.371431
10.350000 0.002366 -0.453710
10.462500 -0.003743 -0.546410
10.575000 0.002001 -0.639582
10.659391 0.003328 -0.736575
10.749466 0.001507 -0.836916
10.845224 0.001028 -0.922067
10.927819 0.001422 -1.013141
11.016213 0.001757 -1.096781
11.097825 0.002347 -1.179097
11.178194 0.002964 -1.257410
11.257374 0.003061 -1.331161
11.331853 0.002928 -1.402787
11.403804 0.002711 -1.473820
11.475186 0.002436 -1.543996
11.546047 0.002364 -1.601217
11.604105 0.002245 -1.663654
11.668322 0.001930 -1.725715
11.732743 0.001820 -1.773402
11.781997 0.001757 -1.834466
11.844210 0.001760 -1.875379
11.886680 0.002510 -1.913362
11.926474 0.004269 -1.947171
11.959956 0.002063 -1.969562
11.989512 0.003130 -2.000582
12.020869 0.005877 -2.027837
12.049315 0.008014 -2.065386
12.082468 0.005719 -2.095269
12.114837 0.007484 -2.113082
12.147324 0.009247 -2.128547
12.167774 0.011030 -2.150262
12.190551 0.012668 -2.162238
12.204427 0.015531 -2.177362
12.223096 0.001562 -2.178102
12.242382 0.001257 -2.193522
12.258405 0.002077 -2.212686
12.278163 0.002091 -2.242095
12.302653 0.000363 -2.264766
12.333991 -0.000876 -2.291217
12.360789 -0.010749 -2.303875
12.384748 -0.018274 -2.296024
12.407698 -0.018136 -2.281474
12.423990 -0.023043 -2.310440
12.440721 -0.025928 -2.306455
12.457145 -0.020273 -2.313403
12.469077 -0.014555 -2.319536
12.485350 -0.015250 -2.335049
12.503666 -0.021340 -2.319422
12.522145 -0.022074 -2.331238
12.536167 -0.019745 -2.341686
12.548905 0.002290 -2.266518
12.561514 -0.004824 -2.293271
12.577096 -0.012678 -2.278238
12.586241 -0.012561 -2.291244
12.595217 -0.013893 -2.295095
12.603531 -0.014446 -2.300476
12.613510 -0.014442 -2.311068
12.626458 -0.004552 -2.274032
12.640932 -0.021023 -2.294581
12.658496 -0.024745 -2.320130
12.676253 -0.027119 -2.338386
12.696551 -0.034490 -2.355921
12.719416 -0.036608 -2.383094
12.745232 -0.035802 -2.407381
12.771390 -0.019688 -2.396892
12.795516 -0.019914 -2.421955
12.819257 -0.021464 -2.446828
12.843159 -0.022466 -2.466976
12.864000 -0.022412 -2.487285
12.885161 -0.011180 -2.478209
12.910459 -0.012073 -2.498427
12.935654 -0.012243 -2.528191
12.961715 -0.012312 -2.554972
12.989300 -0.011067 -2.570553
13.008932 -0.008612 -2.569446
13.029492 -0.012147 -2.598434
13.055853 -0.013693 -2.620176
13.075501 -0.010383 -2.632617
13.093743 -0.010814 -2.650143
13.111289 0.003768 -2.627682
13.131829 -0.002309 -2.646218
13.154867 0.001471 -2.649011
13.168950 0.001155 -2.670707
13.184282 -0.015126 -2.696918
13.205689 -0.015591 -2.715642
13.218193 -0.016178 -2.730751
13.234622 0.025525 -2.629616
13.248038 0.036546 -2.628840
13.269224 0.034396 -2.647599
13.284658 0.033657 -2.653299
13.299081 0.029833 -2.662493
13.315651 0.029754 -2.684376
13.335607 0.036313 -2.683514
13.367275 0.039179 -2.703281
13.390951 0.043557 -2.730196
13.416340 0.043817 -2.752004
13.438419 0.045945 -2.765492
13.455094 0.037860 -2.763079
13.478354 0.041498 -2.778294
13.500752 0.108862 -2.687360
13.521589 0.109976 -2.723617
13.538550 0.108313 -2.744266
13.560236 0.088890 -2.741815
13.580762 0.079033 -2.766879
13.599755 0.076404 -2.790701
13.617023 0.074178 -2.812542
13.634939 0.071823 -2.828299
13.651077 0.071295 -2.846579
13.669631 0.025939 -2.851542
13.686538 0.005385 -2.884637
13.703981 0.003708 -2.909544
13.721660 0.001506 -2.926449
13.740675 0.000937 -2.944652
13.761713 -0.004742 -2.964431
13.787571 -0.019448 -2.982921
13.809417 -0.027814 -3.012956
13.835585 -0.028214 -3.032575
13.851937 -0.027082 -3.045674
13.866066 -0.057434 -3.050750
13.877592 -0.068238 -2.991837
13.897440 -0.108340 -3.037339
13.916441 -0.111851 -3.054264
13.929903 -0.116415 -3.063949
13.943476 -0.117113 -3.072607
13.955744 -0.112368 -3.080184
13.967876 -0.107053 -3.066884
13.982289 -0.106482 -3.068350
14.002047 -0.079124 -3.047901
14.016495 -0.093790 -3.046028
14.029391 -0.108673 -3.079527
14.046583 -0.108769 -3.100121
14.065993 -0.082802 -3.067887
14.083647 -0.061899 -3.043039
14.097265 -0.057757 -3.062048
14.115432 -0.053277 -3.075206
14.136571 -0.055007 -3.098786
14.159445 -0.035028 -3.075389
14.177709 0.013008 -3.024348
14.194257 0.012620 -3.045473
14.206976 0.010037 -3.054582
14.221417 0.013331 -3.062788
14.234935 0.012234 -3.072564
14.246037 0.019262 -3.082820
14.259640 0.062152 -2.954611
14.271188 0.043860 -2.993530
14.278709 0.044976 -3.022398
14.292150 0.053195 -3.020051
14.307804 0.056159 -3.031766
14.325433 0.052175 -3.049412
14.345884 0.050862 -3.066418
14.363560 0.036143 -3.015166
14.387323 0.055895 -3.001791
14.412990 0.066262 -3.019655
14.432628 0.087350 -3.028380
14.459007 0.089680 -3.056864
14.487797 0.052606 -3.055987
14.512174 0.052180 -3.081842
14.529528 0.051834 -3.101045
14.548489 0.081197 -3.114902
14.567387 0.070732 -3.087905
14.588098 0.061313 -3.098701
14.606863 0.052533 -3.107915
14.621024 0.048300 -3.125231
14.638359 0.048300 -3.145347
14.657529 -0.036081 -3.139352
14.670556 0.124450 -2.972099
14.689688 0.172720 -2.947378
14.707127 0.164988 -2.961875
14.724463 0.162653 -2.971196
14.738286 0.159905 -2.978516
14.749548 0.133583 -2.979083
14.763404 0.067525 -3.031605
14.784904 0.093931 -3.003371
14.798093 0.124055 -2.997470
14.809348 0.114262 -3.012270
14.817957 0.112364 -3.025570
14.825450 0.111255 -3.034526
14.834577 0.109052 -3.044774
14.845373 0.078648 -3.051126
14.859598 0.056902 -3.095903
14.876340 0.009747 -3.153793
14.892304 -0.003674 -3.189019
14.907302 -0.006552 -3.207146
14.927936 -0.002402 -3.213914
14.942020 -0.014973 -3.248862
14.962879 -0.067570 -3.259858
14.981842 -0.092354 -3.281580
15.000237 -0.092394 -3.292539
15.015059 -0.088717 -3.300796
15.029327 -0.086801 -3.315483
15.048835 -0.129953 -3.285013
15.070751 -0.092632 -3.288895
15.087182 -0.019854 -3.242665
15.100183 0.048396 -3.218969
15.114575 0.048521 -3.242513
15.137274 0.017238 -3.218687
15.159648 0.021244 -3.206691
15.181319 0.021244 -3.231336
15.204007 0.030961 -3.248403
15.222424 -0.041043 -3.237220
15.236293 -0.073214 -3.147689
15.248236 -0.072060 -3.170888
15.260572 -0.074773 -3.178090
15.273900 0.040920 -3.086571
15.288272 0.100670 -3.075886
15.306017 0.111707 -3.087207
15.324283 0.081073 -3.059990
15.336241 -0.000665 -3.043862
15.346977 -0.014980 -3.060359
15.357178 -0.004938 -3.030686
15.370010 0.059537 -2.970498
15.381104 0.053657 -2.987303
15.393138 0.054182 -2.991223
15.400854 0.053853 -3.000904
15.414256 0.044268 -2.997271
15.427068 0.223934 -2.748690
15.444153 0.203427 -2.787307
15.459431 0.196544 -2.794076
15.469099 0.182843 -2.810126
15.479908 0.177819 -2.830022
15.490180 0.174813 -2.846170
15.503833 0.181494 -2.852440
15.517073 0.216676 -2.839238
15.528967 -0.025127 -2.919943
15.544793 -0.015271 -2.877371
15.556559 -0.013033 -2.882062
15.566833 -0.023365 -2.858459
15.574574 -0.010352 -2.871264
15.588596 -0.010361 -2.876231
15.602390 0.009253 -2.878070
15.624414 0.008838 -2.853454
15.640809 -0.003054 -2.959450
15.661367 0.100558 -2.858580
15.677758 0.083769 -2.874108
15.695011 0.078132 -2.885282
15.707396 0.076982 -2.900300
15.720657 0.080511 -2.904026
15.736685 0.027364 -2.928037
15.756672 0.030622 -2.938023
15.775500 0.029192 -2.949737
15.792863 0.080922 -2.933519
15.805990 0.084795 -2.946399
15.818102 0.084801 -2.961537
15.835463 0.023134 -2.976417
15.858895 0.004302 -2.993190
15.873395 0.012278 -3.010429
15.900573 0.033792 -3.022876
15.917529 0.036836 -3.044921
15.937063 -0.035960 -3.038989
15.964413 -0.080669 -3.053179
15.979382 -0.072860 -3.070461
15.991633 -0.066020 -3.068483
16.007738 -0.013580 -3.065966
16.031780 -0.052843 -3.057309
16.046737 -0.050521 -3.048398
16.068201 -0.033855 -3.027817
16.089126 -0.023412 -3.036685
16.105886 -0.015153 -3.053869
16.124061 -0.058565 -3.075542
16.141701 0.075599 -2.987652
16.159289 0.091349 -2.911562
16.174696 0.080453 -2.926370
16.187415 0.080073 -2.937400
16.200491 0.084657 -2.953139
16.218949 0.113676 -2.966567
16.235083 0.040893 -2.968043
16.262390 0.101799 -2.969481
16.287349 0.102771 -2.984653
16.308198 0.104763 -2.996233
16.321965 0.215586 -2.979291
16.340731 0.125630 -2.984944
16.359764 0.150257 -2.958559
16.386922 0.145705 -2.978412
16.405940 0.158211 -2.975521
16.420162 0.169579 -2.981346
16.439015 0.073322 -3.026849
16.463106 0.083604 -3.041175
16.483669 0.147295 -3.037081
16.508098 0.145664 -3.059601
16.530969 0.018677 -3.085295
16.548905 -0.025129 -3.069689
16.565967 -0.150656 -3.065497
16.584691 -0.097999 -3.045594
16.603177 -0.102069 -3.064252
16.615835 -0.096061 -3.080121
16.629447 -0.216270 -3.071669
16.638479 -0.221387 -3.042669
16.654269 -0.247479 -3.061892
16.670476 -0.232786 -2.904349
16.678873 0.108498 -2.523001
16.693395 0.067638 -2.562523
16.704367 0.055088 -2.593498
16.726306 0.052129 -2.601347
16.742844 0.027337 -2.601052
16.754421 -0.061462 -2.593655
16.770937 -0.005336 -2.564022
16.789683 -0.096078 -2.560473
16.801056 -0.084463 -2.571296
16.813540 -0.079624 -2.573282
16.826151 -0.065348 -2.572086
16.839171 -0.063498 -2.587342
16.852461 -0.049240 -2.574916
16.868674 -0.037727 -2.524206
16.886896 0.041228 -2.487957
16.904173 0.088422 -2.321929
16.924075 0.091428 -2.311540
16.938819 0.075366 -2.341697
16.964371 0.073890 -2.363991
16.989569 0.078978 -2.339969
17.014037 0.042252 -2.364185
17.038949 0.008586 -2.378353
17.062627 -0.007448 -2.375504
17.080027 -0.009731 -2.391224
17.095680 -0.011077 -2.411747
17.113705 -0.034920 -2.290038
17.131729 -0.039592 -2.403533
17.150360 0.152000 -2.281186
17.166353 0.289772 -1.888210
17.179091 0.290456 -1.916869
17.197332 0.283601 -1.928840
17.216360 0.279326 -1.947162
17.234498 0.234389 -1.984911
17.249849 0.285581 -1.994407
17.265239 0.159286 -2.071233
17.279690 0.153815 -2.079057
17.290815 0.128998 -2.043061
17.298727 0.109531 -2.058651
17.310182 0.241212 -1.868264
17.319199 0.301620 -1.792725
17.330848 0.308671 -1.798172
17.340336 0.369236 -1.763278
17.351947 0.371931 -1.773846
17.360807 0.371712 -1.780757
17.369021 0.361175 -1.799305
17.378709 0.315034 -1.855924
17.388385 0.282729 -1.907668
17.398049 0.269359 -1.932129
17.405968 0.257466 -1.945167
17.413888 0.220487 -1.970784
17.421807 0.201346 -1.993381
17.429726 0.194308 -2.013461
17.437646 0.197143 -2.008179
17.443590 0.193050 -2.012403
17.449531 0.197310 -2.020013
17.455469 0.179120 -2.009876
17.461405 0.160364 -2.013172
17.467338 0.161355 -2.019771
17.473268 0.160982 -2.025143
17.479195 0.176499 -2.036816
17.485119 0.229464 -2.042575
17.490133 0.230919 -2.048571
17.495145 0.229940 -2.053060
17.500155 0.228641 -2.057163
17.505164 0.227376 -2.061431
17.510171 0.233378 -2.068142
17.515176 0.232561 -2.073188
17.520179 0.234701 -2.078700
17.525181 0.228818 -2.108281
17.530181 0.227283 -2.127901
17.535180 0.210561 -2.185075
17.539657 0.215056 -2.193635
17.544133 0.233311 -2.105499
17.548608 -0.116880 -2.206217
17.553082 -0.072457 -2.159139
17.557555 -0.086425 -2.170465
17.562026 -0.094848 -2.177428
17.566496 -0.099239 -2.176967
17.570965 -0.103382 -2.176341
17.575433 -0.100985 -2.172815
17.579899 -0.087864 -2.131162
17.584365 -0.089202 -2.133068
17.588829 -0.094663 -2.138933
17.593182 -0.083222 -2.129946
17.597534 -0.084084 -2.129672
17.601885 -0.035822 -2.132254
17.604210 -0.034479 -2.134176
17.606581 -0.052535 -2.155231
17.610930 -0.047868 -2.159486
17.615277 -0.059302 -2.154027
17.619623 -0.061892 -2.155658
17.623969 -0.050236 -2.160142
17.628313 -0.049889 -2.160673
17.632056 -0.048571 -2.162093
17.635534 0.077158 -2.209884
17.639428 0.075130 -2.209360
17.643391 0.072892 -2.207530
17.647353 0.071947 -2.206210
17.651314 0.071701 -2.205538
17.655275 0.070628 -2.206805
17.659234 0.068680 -2.207488
17.663193 0.066400 -2.208658
17.667151 0.064058 -2.209714
17.671108 0.084803 -2.206046
17.675064 0.083430 -2.206059
17.679019 0.081260 -2.208044
17.682974 -0.069517 -2.323103
17.686928 -0.076507 -2.313562
17.690881 -0.082511 -2.277818
17.695824 -0.008821 -2.379720
17.700768 0.001616 -2.387998
17.705711 0.031270 -2.338423
17.710273 0.067710 -2.339123
17.714835 -0.307234 -2.519274
17.719399 -0.737330 -2.034250
17.723964 -0.796722 -2.042979
17.728531 -0.779796 -1.989055
17.733098 -0.770149 -1.977115
17.737667 -0.669876 -1.941033
17.742237 -0.682227 -1.947439
17.746809 -0.724243 -1.958340
17.751382 -0.738744 -1.958728
17.755956 -0.750255 -1.961297
17.760531 -0.760669 -1.959999
17.764628 -0.755449 -1.971290
17.768433 -0.765408 -1.975141
17.772048 -0.773895 -1.974481
17.775541 -0.781558 -1.973638
17.778954 -0.789706 -1.974712
17.783410 -0.799490 -1.975218
17.792224 -0.813601 -1.969771
17.801029 -0.832782 -1.974870
17.809825 -0.857437 -1.984615
17.818612 -0.848232 -1.977900
17.828110 -0.568676 -1.957052
17.834986 -0.631134 -1.990130
17.841858 -0.650018 -1.859865
17.848726 -0.630914 -1.721384
17.856350 -0.364758 -2.069302
17.863967 -0.354750 -2.087220
17.872129 0.766132 -2.367727
17.880283 -1.058565 -2.067732
17.888430 -1.025594 -2.054404
17.893727 -1.061268 -1.982843
17.899056 -1.013737 -1.882637
17.904385 -0.989860 -1.876601
17.909715 -0.963233 -1.876573
17.915044 -0.873583 -1.877051
17.921784 -0.841026 -1.873664
17.928520 -0.810440 -1.873524
17.935252 -0.786212 -1.870051
17.941462 -0.762215 -1.866165
17.947672 -0.806133 -1.905553
17.950819 -0.795572 -1.905516
17.953967 -0.797327 -1.954511
17.957114 -0.786894 -1.956245
17.960262 -0.776001 -1.955016
17.963409 -0.764915 -1.953101
17.966556 -0.753556 -1.950758
17.969798 -0.740384 -1.946472
17.973316 -0.725894 -1.941229
17.977152 -0.711743 -1.936527
17.980987 -0.699371 -1.931683
17.984363 -0.699371 -1.933271
17.987739 -0.699371 -1.817792
17.991114 -0.699371 -1.820422
17.994131 -0.699371 -1.824949
17.997148 -0.699371 -1.827975
18.000164 -0.699371 -1.893291
18.002893 -0.699371 -1.927212
18.005621 -0.699371 -1.931604
18.008113 -0.699371 -1.936368
18.010605 -0.699371 -1.939872
18.013096 -0.699371 -1.943758
18.015389 -0.691319 -1.007683
18.017683 -0.683797 -1.006670
18.019976 -0.346634 -1.605510
18.022100 -0.322826 -1.624020
18.024225 -0.314109 -1.633102
18.026286 -0.301499 -1.646957
18.028775 -0.274801 -1.661676
18.031495 -0.259018 -1.677105
18.034215 -0.207033 -1.704601
18.036934 -0.197059 -1.716311
18.039654 -0.180217 -1.736315
18.042373 -0.170151 -1.748406
18.045092 -0.162851 -1.757560
18.047548 -0.569394 -1.784918
18.049841 -0.547409 -1.803102
18.054863 -0.530667 -1.817160
18.059883 -0.550678 -1.829982
18.064901 -0.556157 -1.862539
18.077716 -0.502809 -1.891903
18.090503 -0.431669 -1.931212
18.103262 -0.354539 -1.994801
18.118290 -0.309812 -2.033096
18.133318 -0.279312 -2.066622
18.148346 -0.250629 -2.097096
18.163374 -0.129952 -2.052076
18.178402 -0.486605 -2.061916
18.193429 -0.571830 -2.080601
18.208457 -0.551159 -2.099107
18.223485 -0.586030 -2.185254
18.238513 -0.213222 -2.114173
18.253541 -0.185902 -2.127096
18.268569 0.098473 -2.089948
18.280461 0.125446 -2.108527
18.294526 0.120856 -2.126031
18.309554 0.225969 -2.104770
18.324582 1.042009 -2.213304
18.339610 1.016281 -2.221588
18.354638 0.980977 -2.224184
18.369665 1.055002 -2.274987
18.380328 1.053169 -2.262537
18.391706 1.097752 -2.281510
18.403606 1.091467 -2.292859
18.416448 -0.011497 -1.790036
18.431476 0.056136 -1.807383
18.445197 0.150125 -1.840270
18.460225 0.231617 -1.882622
18.475252 0.218890 -3.164623
18.490280 -0.308373 -3.168273
18.507285 0.290438 -3.725602
18.524290 0.155535 -3.584467
18.534717 0.174728 -3.517613
18.543009 0.115859 -3.971649
18.548251 -0.054843 -4.243354
18.553774 -0.692698 -5.139864
18.561815 0.967319 -3.100474
18.569467 0.868732 -3.048320
18.580137 0.967839 -3.059637
18.590792 1.298165 -3.228170
18.600874 1.236296 -3.129462
18.611776 1.322120 -2.911827
18.622659 0.959375 -3.008888
18.632407 0.859344 -2.953121
18.643258 0.788889 -2.906648
18.653498 0.728194 -2.862341
18.663724 0.537493 -2.867946
18.673935 0.490711 -2.833893
18.684132 0.461883 -2.794034
18.694315 0.422258 -2.763044
18.703449 0.355685 -2.757989
18.712573 0.738093 -2.702067
18.721687 0.666719 -2.646999
18.730790 1.276370 -2.886502
18.739884 1.164398 -2.846444
18.748968 -0.140702 -2.698454
18.758041 -0.137156 -2.470383
18.766593 -0.152991 -2.460250
18.775137 -0.140152 -2.385148
18.783672 -0.239055 -2.381115
18.792199 -0.197327 -2.367349
18.800718 0.150511 -2.271001
18.809229 -0.690080 -0.872922
18.821281 -0.741489 -0.643602
18.833309 -0.763387 -0.627586
18.845314 -0.719754 -0.594174
18.857297 -0.729411 -0.525099
18.872252 -1.341920 -2.570178
18.887662 -1.305320 -2.597957
18.903674 -0.791958 -2.108825
18.921702 -0.845133 -1.947617
18.938699 -0.760134 -1.980679
18.955086 -0.745199 -1.974069
18.967058 -0.828371 -2.130444
18.978015 -0.804560 -2.126045
18.988145 -0.780080 -2.126218
19.000336 -0.884407 -1.946876
19.014891 -1.108733 -2.276245
19.029390 -1.297566 -2.888859
19.042775 -0.555423 -2.247041
19.057063 -0.697068 -1.568049
19.071534 -0.548347 -1.908120
19.086334 -0.967518 -1.805655
19.101115 -0.792419 -1.882616
19.116606 -0.646339 -1.936412
19.131384 -0.828173 -1.303028
19.147592 -0.191174 -1.496778
19.157887 -0.737086 -1.010387
19.168183 -0.791932 -0.906978
19.178479 -0.786693 -0.864705
19.188774 -0.936218 -1.201225
19.199070 -1.129605 -1.011821
19.209365 -1.047961 -1.101718
19.218664 -0.567574 -1.037799
19.224244 -0.521224 -0.966895
19.233298 -0.430274 -0.885809
19.242438 -0.717391 -0.303090
19.251595 -0.899783 0.037983
19.260782 -0.623726 -1.861928
19.270006 -0.709460 -1.879989
19.279387 -0.491337 -1.691695
19.288665 -0.568072 -1.755191
19.298001 -0.597149 -1.752602
19.307400 -0.538320 -1.829441
19.316839 -0.346718 -1.693549
19.326290 -0.270023 -1.688991
19.335741 0.136164 -2.003896
19.352723 0.590585 -1.680410
19.370227 -0.786782 -1.252264
19.386030 -0.732190 -1.282312
19.399597 -0.752408 -1.298841
19.411046 -0.831223 -1.344019
19.422496 -0.810710 -1.307727
19.435168 -0.619620 -1.265700
19.448733 -0.748781 -1.197509
19.463417 -0.901164 -1.277804
19.476764 -1.610463 -2.361411
19.490600 -0.963469 -1.363864
19.504400 -0.926384 -1.388124
19.517846 -0.628344 -1.414568
19.531260 -0.712570 -1.502427
19.543182 -1.322472 -1.362586
19.555082 -0.862340 -1.332580
19.566960 -0.551594 -1.278716
19.575821 -0.528585 -1.258837
19.586504 -1.278893 1.083157
19.596018 -0.972302 -0.704368
19.605725 -0.914662 -0.620938
19.615421 -0.902521 -0.327696
19.624317 -0.810995 -0.393952
19.633204 -0.990779 -0.617329
19.641416 -0.422758 -0.745600
19.649621 -0.482150 -0.719121
19.657247 -0.710033 -1.081043
19.664868 -0.820225 -0.724326
19.671988 -0.851142 -0.182098
19.679103 -0.487421 -0.269472
19.685780 -0.575212 -0.236408
19.692453 -0.572694 -0.296640
19.698739 -0.542579 -0.431956
19.705022 -0.724284 0.052184
19.711302 -1.115677 0.051951
19.717579 -1.065479 0.358138
19.723852 -0.987502 0.424656
19.729920 -1.061553 0.142648
19.736039 -1.092398 0.227982
19.742158 -0.686876 0.513778
19.748277 -0.825918 0.003685
19.754396 -0.881327 -0.033242
19.760515 -1.163484 -0.293296
19.766634 -1.371559 -0.393846
19.772753 -1.678656 -0.571898
19.778873 -2.054273 -1.826770
19.784992 -2.309129 -2.534690
19.791111 -0.929444 -1.078171
19.797230 -2.369272 -2.005860
19.803349 -0.800227 -0.545790
19.809468 -0.945974 -0.560418
19.815587 -1.059685 -0.614709
19.821706 -0.516246 -0.172275
19.827826 -0.550482 -0.243985
19.833945 -0.211555 -0.605170
19.840064 -0.490097 -0.240852
19.846183 -0.466173 -0.026839
19.852302 -0.449805 0.097088
19.858421 -0.448966 0.178008
19.864540 -0.356192 0.171465
19.870659 -0.350820 0.175287
19.876778 -0.395776 0.186859
19.882898 -0.414294 0.153073
19.889017 -0.554930 0.239129
19.895136 -0.564149 0.243290
19.901255 -0.568307 0.226162
19.907374 -0.604436 0.193065
19.913493 -0.623250 0.190874
19.919612 -0.542887 0.209886
19.925731 -0.522026 0.210928
19.931851 -0.519607 0.258393
19.937970 -0.607060 0.236487
19.944089 -0.405308 -0.130820
19.950208 -0.841617 -0.061138
19.956327 -0.809586 -0.317099
19.962446 -0.686263 0.045102
19.968565 -0.695821 0.086154
19.974684 -0.659236 0.175875
19.979646 -0.474331 0.135412
19.984851 -0.296425 0.073122
19.990054 -0.224149 0.133753
19.995254 -0.181949 0.169250
19.998732 -0.069361 0.134991
