338
0.100 1.603
0.161 1.603
0.221 1.602
0.282 1.601
0.342 1.600
0.402 1.598
0.461 1.596
0.521 1.594
0.580 1.591
0.638 1.587
0.696 1.583
0.753 1.578
0.810 1.572
0.867 1.565
0.922 1.557
0.977 1.548
1.031 1.538
1.085 1.525
1.138 1.511
1.191 1.495
1.244 1.476
1.297 1.454
1.350 1.429
1.405 1.401
1.462 1.369
1.523 1.334
1.589 1.297
1.659 1.260
1.733 1.223
1.814 1.190
1.899 1.164
1.985 1.145
2.074 1.131
2.163 1.120
2.252 1.111
2.341 1.105
2.429 1.101
2.517 1.098
2.604 1.097
2.692 1.096
2.779 1.097
2.866 1.099
2.952 1.101
3.039 1.105
3.125 1.109
3.210 1.114
3.295 1.120
3.380 1.127
3.464 1.134
3.547 1.142
3.629 1.151
3.710 1.159
3.789 1.168
3.868 1.178
3.945 1.187
4.021 1.197
4.097 1.207
4.171 1.217
4.244 1.227
4.316 1.237
4.388 1.246
4.459 1.256
4.529 1.266
4.598 1.275
4.666 1.284
4.734 1.293
4.802 1.302
4.869 1.311
4.935 1.319
5.001 1.327
5.067 1.335
5.132 1.342
5.197 1.350
5.261 1.357
5.325 1.364
5.389 1.370
5.453 1.377
5.516 1.383
5.579 1.388
5.642 1.394
5.705 1.400
5.767 1.405
5.830 1.410
5.892 1.414
5.955 1.419
6.017 1.423
6.080 1.427
6.142 1.431
6.205 1.435
6.268 1.439
6.330 1.442
6.393 1.446
6.457 1.449
6.520 1.452
6.583 1.455
6.647 1.457
6.710 1.460
6.774 1.463
6.838 1.465
6.902 1.467
6.966 1.470
7.031 1.472
7.095 1.474
7.160 1.476
7.225 1.478
7.289 1.480
7.354 1.482
7.419 1.484
7.484 1.486
7.549 1.489
7.614 1.491
7.679 1.493
7.744 1.495
7.809 1.497
7.874 1.499
7.939 1.501
8.004 1.503
8.068 1.506
8.133 1.508
8.197 1.510
8.261 1.513
8.325 1.515
8.388 1.518
8.452 1.520
8.515 1.523
8.578 1.525
8.641 1.528
8.703 1.531
8.765 1.534
8.827 1.536
8.889 1.539
8.950 1.542
9.011 1.545
9.071 1.548
9.132 1.551
9.192 1.554
9.251 1.556
9.311 1.559
9.370 1.562
9.429 1.565
9.487 1.568
9.545 1.571
9.604 1.574
9.661 1.576
9.719 1.579
9.777 1.582
9.834 1.585
9.891 1.587
9.948 1.590
10.006 1.592
10.063 1.595
10.120 1.597
10.177 1.599
10.234 1.601
10.291 1.603
10.349 1.605
10.406 1.607
10.464 1.609
10.522 1.611
10.581 1.612
10.639 1.614
10.698 1.615
10.758 1.616
10.817 1.617
10.878 1.618
10.939 1.619
11.000 1.619
11.062 1.620
11.124 1.620
11.187 1.621
11.250 1.621
11.315 1.621
11.379 1.621
11.445 1.620
11.511 1.620
11.578 1.620
11.645 1.619
11.713 1.618
11.782 1.618
11.851 1.617
11.921 1.616
11.992 1.615
12.063 1.614
12.135 1.613
12.207 1.612
12.280 1.611
12.354 1.610
12.428 1.609
12.502 1.608
12.576 1.607
12.651 1.606
12.727 1.605
12.802 1.604
12.878 1.603
12.954 1.603
13.030 1.602
13.106 1.602
13.182 1.601
13.257 1.601
13.333 1.601
13.408 1.601
13.484 1.602
13.558 1.602
13.633 1.603
13.707 1.603
13.781 1.604
13.854 1.605
13.927 1.606
13.999 1.608
14.070 1.609
14.141 1.611
14.211 1.612
14.281 1.614
14.350 1.616
14.418 1.619
14.485 1.621
14.551 1.623
14.617 1.626
14.682 1.628
14.746 1.631
14.809 1.634
14.872 1.637
14.933 1.640
14.994 1.643
15.054 1.646
15.114 1.650
15.173 1.653
15.231 1.656
15.288 1.660
15.345 1.663
15.401 1.666
15.456 1.670
15.511 1.673
15.566 1.677
15.620 1.680
15.674 1.684
15.728 1.687
15.781 1.690
15.834 1.694
15.887 1.697
15.939 1.700
15.992 1.703
16.045 1.707
16.097 1.710
16.150 1.713
16.204 1.716
16.257 1.718
16.311 1.721
16.365 1.724
16.420 1.726
16.475 1.729
16.531 1.731
16.588 1.733
16.645 1.735
16.703 1.737
16.762 1.739
16.822 1.741
16.883 1.742
16.944 1.743
17.007 1.745
17.071 1.746
17.136 1.746
17.202 1.747
17.269 1.747
17.338 1.747
17.407 1.747
17.478 1.747
17.550 1.747
17.623 1.746
17.697 1.745
17.772 1.744
17.849 1.743
17.926 1.742
18.005 1.740
18.084 1.738
18.165 1.736
18.247 1.734
18.329 1.732
18.412 1.729
18.496 1.727
18.580 1.724
18.665 1.721
18.750 1.719
18.836 1.716
18.922 1.713
19.008 1.710
19.094 1.707
19.180 1.704
19.266 1.701
19.352 1.699
19.438 1.696
19.523 1.693
19.608 1.691
19.692 1.689
19.775 1.687
19.857 1.685
19.938 1.684
20.018 1.682
20.097 1.681
20.175 1.680
20.251 1.680
20.326 1.679
20.400 1.679
20.472 1.680
20.543 1.680
20.612 1.681
20.679 1.682
20.744 1.684
20.808 1.685
20.869 1.687
20.929 1.689
20.986 1.692
21.039 1.694
21.090 1.697
21.139 1.701
21.186 1.704
21.231 1.707
21.273 1.711
21.313 1.715
21.350 1.719
21.384 1.723
21.417 1.728
21.447 1.732
21.474 1.737
21.500 1.742
21.525 1.746
21.550 1.751
21.576 1.756
21.601 1.761
21.627 1.765
21.653 1.770
21.679 1.775
21.705 1.780
21.731 1.785
21.757 1.790
21.784 1.794
21.815 1.798
21.870 1.806
338
0.100 1.638
0.161 1.638
0.221 1.637
0.282 1.636
0.342 1.635
0.402 1.633
0.461 1.631
0.520 1.629
0.579 1.626
0.637 1.623
0.695 1.619
0.752 1.614
0.809 1.609
0.865 1.602
0.920 1.595
0.974 1.587
1.027 1.577
1.080 1.565
1.132 1.552
1.184 1.536
1.235 1.518
1.286 1.498
1.337 1.474
1.390 1.447
1.443 1.415
1.500 1.380
1.561 1.343
1.627 1.305
1.698 1.267
1.774 1.229
1.855 1.199
1.939 1.176
2.025 1.159
2.111 1.146
2.198 1.137
2.285 1.130
2.372 1.125
2.459 1.121
2.546 1.119
2.632 1.118
2.718 1.118
2.804 1.119
2.889 1.121
2.974 1.124
3.059 1.128
3.144 1.132
3.228 1.138
3.310 1.144
3.392 1.151
3.473 1.158
3.553 1.166
3.632 1.174
3.710 1.183
3.786 1.192
3.862 1.202
3.937 1.211
4.010 1.221
4.083 1.231
4.154 1.241
4.225 1.251
4.295 1.261
4.364 1.270
4.432 1.280
4.500 1.289
4.567 1.299
4.633 1.308
4.699 1.317
4.764 1.326
4.828 1.334
4.893 1.342
4.956 1.350
5.019 1.358
5.082 1.366
5.144 1.373
5.206 1.380
5.267 1.387
5.328 1.394
5.389 1.400
5.450 1.407
5.510 1.413
5.570 1.418
5.630 1.424
5.691 1.429
5.750 1.434
5.810 1.439
5.870 1.444
5.930 1.448
5.990 1.453
6.050 1.457
6.110 1.460
6.171 1.464
6.231 1.468
6.292 1.471
6.352 1.474
6.413 1.477
6.474 1.480
6.535 1.483
6.597 1.486
6.658 1.488
6.720 1.491
6.782 1.493
6.844 1.495
6.907 1.497
6.969 1.500
7.032 1.502
7.095 1.504
7.158 1.506
7.221 1.508
7.284 1.510
7.347 1.512
7.411 1.514
7.474 1.516
7.538 1.517
7.601 1.519
7.664 1.521
7.728 1.523
7.791 1.526
7.854 1.528
7.917 1.530
7.980 1.532
8.043 1.534
8.105 1.537
8.168 1.539
8.230 1.541
8.292 1.544
8.354 1.546
8.415 1.549
8.476 1.551
8.537 1.554
8.598 1.557
8.658 1.559
8.718 1.562
8.777 1.565
8.836 1.568
8.895 1.571
8.953 1.574
9.011 1.577
9.069 1.579
9.127 1.582
9.184 1.585
9.241 1.588
9.297 1.591
9.354 1.594
9.410 1.597
9.466 1.600
9.521 1.603
9.577 1.606
9.632 1.609
9.687 1.611
9.742 1.614
9.797 1.617
9.852 1.619
9.907 1.622
9.962 1.624
10.017 1.627
10.073 1.629
10.128 1.631
10.183 1.633
10.239 1.635
10.295 1.637
10.351 1.639
10.408 1.641
10.464 1.642
10.522 1.644
10.579 1.645
10.638 1.646
10.696 1.647
10.756 1.648
10.815 1.649
10.876 1.649
10.937 1.650
10.998 1.650
11.061 1.650
11.124 1.651
11.187 1.650
11.251 1.650
11.316 1.650
11.382 1.650
11.448 1.649
11.515 1.648
11.583 1.648
11.652 1.647
11.721 1.646
11.791 1.645
11.861 1.644
11.933 1.643
12.004 1.641
12.077 1.640
12.150 1.639
12.223 1.638
12.297 1.636
12.372 1.635
12.446 1.634
12.521 1.633
12.597 1.632
12.672 1.631
12.748 1.630
12.824 1.629
12.900 1.628
12.975 1.627
13.051 1.627
13.127 1.627
13.202 1.626
13.277 1.626
13.352 1.626
13.426 1.627
13.500 1.627
13.573 1.628
13.645 1.628
13.717 1.629
13.788 1.630
13.859 1.632
13.928 1.633
13.997 1.635
14.066 1.636
14.133 1.638
14.200 1.640
14.265 1.642
14.330 1.645
14.394 1.647
14.457 1.650
14.520 1.652
14.581 1.655
14.642 1.658
14.701 1.661
14.760 1.664
14.818 1.667
14.875 1.670
14.932 1.673
14.987 1.677
15.042 1.680
15.097 1.683
15.150 1.687
15.204 1.690
15.256 1.693
15.308 1.697
15.360 1.700
15.411 1.704
15.462 1.707
15.513 1.711
15.563 1.714
15.613 1.717
15.663 1.721
15.713 1.724
15.764 1.727
15.814 1.730
15.864 1.734
15.915 1.737
15.966 1.740
16.017 1.743
16.069 1.745
16.122 1.748
16.175 1.751
16.229 1.753
16.284 1.756
16.340 1.758
16.397 1.760
16.454 1.763
16.513 1.765
16.573 1.766
16.633 1.768
16.695 1.770
16.758 1.771
16.822 1.772
16.887 1.773
16.953 1.774
17.021 1.775
17.089 1.775
17.159 1.775
17.230 1.775
17.303 1.775
17.376 1.775
17.451 1.774
17.527 1.773
17.604 1.772
17.682 1.771
17.761 1.770
17.842 1.768
17.923 1.766
18.005 1.764
18.088 1.762
18.172 1.760
18.256 1.758
18.341 1.755
18.427 1.752
18.513 1.750
18.600 1.747
18.686 1.744
18.773 1.741
18.859 1.738
18.946 1.735
19.032 1.733
19.117 1.730
19.203 1.727
19.287 1.725
19.371 1.722
19.455 1.720
19.537 1.718
19.619 1.716
19.699 1.714
19.777 1.713
19.854 1.712
19.930 1.711
20.004 1.710
20.077 1.710
20.147 1.709
20.217 1.709
20.285 1.710
20.351 1.710
20.415 1.711
20.477 1.712
20.536 1.714
20.594 1.715
20.649 1.717
20.702 1.719
20.753 1.722
20.802 1.724
20.848 1.727
20.892 1.730
20.935 1.733
20.975 1.737
21.012 1.740
21.047 1.744
21.080 1.748
21.111 1.752
21.143 1.756
21.173 1.760
21.200 1.764
21.224 1.769
21.248 1.773
21.274 1.778
21.300 1.782
21.325 1.786
21.351 1.791
21.378 1.795
21.407 1.799
21.420 1.803
21.451 1.811
338
0.100 1.672
0.161 1.672
0.221 1.671
0.281 1.671
0.342 1.670
0.401 1.668
0.461 1.666
0.520 1.664
0.579 1.662
0.637 1.659
0.694 1.655
0.751 1.651
0.807 1.646
0.863 1.641
0.917 1.634
0.971 1.626
1.023 1.616
1.075 1.606
1.126 1.593
1.176 1.579
1.226 1.562
1.275 1.542
1.324 1.520
1.374 1.494
1.425 1.465
1.477 1.431
1.534 1.393
1.594 1.354
1.660 1.315
1.732 1.276
1.809 1.241
1.890 1.214
1.972 1.195
2.055 1.180
2.138 1.168
2.222 1.160
2.305 1.154
2.389 1.149
2.472 1.146
2.555 1.144
2.638 1.143
2.721 1.143
2.804 1.144
2.886 1.147
2.968 1.149
3.049 1.153
3.130 1.158
3.210 1.163
3.289 1.169
3.368 1.176
3.445 1.183
3.522 1.191
3.598 1.199
3.672 1.208
3.746 1.217
3.818 1.226
3.890 1.236
3.961 1.246
4.031 1.255
4.099 1.265
4.167 1.275
4.234 1.285
4.301 1.294
4.366 1.304
4.431 1.313
4.496 1.323
4.559 1.332
4.622 1.341
4.685 1.349
4.746 1.358
4.807 1.366
4.868 1.375
4.928 1.383
4.987 1.390
5.046 1.398
5.105 1.405
5.163 1.412
5.221 1.419
5.279 1.426
5.337 1.432
5.394 1.439
5.451 1.445
5.508 1.450
5.565 1.456
5.622 1.461
5.679 1.466
5.736 1.471
5.792 1.476
5.849 1.480
5.906 1.484
5.964 1.488
6.021 1.492
6.078 1.496
6.136 1.499
6.194 1.502
6.252 1.506
6.310 1.509
6.368 1.512
6.427 1.514
6.486 1.517
6.545 1.519
6.604 1.522
6.664 1.524
6.724 1.526
6.784 1.529
6.844 1.531
6.904 1.533
6.965 1.535
7.025 1.537
7.086 1.538
7.147 1.540
7.208 1.542
7.269 1.544
7.330 1.546
7.392 1.548
7.453 1.550
7.514 1.552
7.575 1.553
7.636 1.555
7.697 1.557
7.758 1.559
7.819 1.562
7.880 1.564
7.940 1.566
8.000 1.568
8.060 1.570
8.120 1.573
8.180 1.575
8.239 1.578
8.298 1.580
8.357 1.583
8.415 1.585
8.473 1.588
8.530 1.591
8.588 1.593
8.645 1.596
8.701 1.599
8.757 1.602
8.813 1.605
8.869 1.608
8.924 1.611
8.979 1.614
9.033 1.617
9.087 1.620
9.141 1.623
9.194 1.626
9.248 1.629
9.301 1.632
9.354 1.635
9.406 1.638
9.459 1.640
9.511 1.643
9.563 1.646
9.615 1.649
9.668 1.652
9.720 1.654
9.772 1.657
9.824 1.659
9.877 1.662
9.929 1.664
9.982 1.666
10.035 1.668
10.089 1.670
10.142 1.672
10.196 1.674
10.251 1.676
10.306 1.677
10.361 1.679
10.417 1.680
10.474 1.681
10.531 1.682
10.589 1.683
10.647 1.684
10.706 1.685
10.766 1.685
10.827 1.685
10.888 1.686
10.951 1.686
11.014 1.686
11.078 1.685
11.142 1.685
11.208 1.684
11.274 1.684
11.341 1.683
11.409 1.682
11.478 1.681
11.547 1.680
11.617 1.679
11.688 1.678
11.760 1.676
11.832 1.675
11.905 1.674
11.978 1.672
12.052 1.671
12.126 1.669
12.201 1.668
12.276 1.666
12.351 1.665
12.427 1.664
12.502 1.662
12.578 1.661
12.653 1.660
12.729 1.659
12.804 1.658
12.880 1.658
12.954 1.657
13.029 1.657
13.103 1.656
13.177 1.656
13.250 1.656
13.323 1.657
13.395 1.657
13.466 1.658
13.536 1.658
13.606 1.659
13.675 1.660
13.743 1.662
13.810 1.663
13.877 1.665
13.942 1.666
14.006 1.668
14.070 1.670
14.132 1.672
14.194 1.675
14.254 1.677
14.314 1.680
14.373 1.682
14.431 1.685
14.488 1.688
14.544 1.691
14.599 1.694
14.654 1.697
14.707 1.700
14.760 1.703
14.812 1.706
14.864 1.709
14.914 1.712
14.964 1.716
15.014 1.719
15.063 1.722
15.112 1.726
15.160 1.729
15.208 1.732
15.255 1.736
15.303 1.739
15.350 1.742
15.398 1.746
15.446 1.749
15.494 1.752
15.542 1.756
15.592 1.759
15.641 1.762
15.692 1.765
15.743 1.768
15.794 1.771
15.847 1.774
15.900 1.776
15.954 1.779
16.008 1.782
16.064 1.784
16.121 1.787
16.179 1.789
16.238 1.791
16.298 1.793
16.359 1.795
16.421 1.797
16.485 1.798
16.549 1.800
16.615 1.801
16.683 1.802
16.751 1.803
16.821 1.803
16.893 1.804
16.966 1.804
17.040 1.804
17.115 1.804
17.192 1.804
17.270 1.803
17.349 1.802
17.430 1.801
17.512 1.800
17.595 1.799
17.679 1.797
17.764 1.795
17.850 1.793
17.936 1.791
18.024 1.788
18.112 1.786
18.200 1.783
18.289 1.780
18.379 1.777
18.468 1.774
18.558 1.771
18.648 1.768
18.737 1.765
18.826 1.762
18.914 1.759
19.001 1.757
19.086 1.754
19.171 1.751
19.255 1.749
19.338 1.747
19.419 1.745
19.499 1.743
19.577 1.742
19.655 1.740
19.730 1.739
19.804 1.738
19.876 1.738
19.943 1.738
20.006 1.738
20.068 1.738
20.127 1.739
20.183 1.740
20.237 1.741
20.288 1.743
20.336 1.745
20.382 1.747
20.426 1.749
20.468 1.751
20.506 1.754
20.542 1.757
20.577 1.760
20.609 1.763
20.640 1.766
20.670 1.770
20.699 1.773
20.729 1.777
20.757 1.781
20.784 1.784
20.810 1.788
20.836 1.792
20.862 1.796
20.887 1.800
20.911 1.804
20.934 1.807
20.963 1.811
21.032 1.817
338
0.100 1.707
0.161 1.707
0.221 1.706
0.281 1.705
0.342 1.705
0.401 1.703
0.461 1.702
0.520 1.700
0.578 1.698
0.636 1.695
0.693 1.692
0.750 1.689
0.806 1.685
0.861 1.680
0.915 1.674
0.967 1.667
1.019 1.658
1.070 1.649
1.120 1.637
1.169 1.624
1.217 1.608
1.264 1.589
1.311 1.569
1.358 1.545
1.405 1.517
1.454 1.485
1.506 1.449
1.561 1.409
1.620 1.369
1.685 1.329
1.756 1.289
1.833 1.257
1.913 1.234
1.993 1.216
2.073 1.202
2.153 1.191
2.233 1.184
2.313 1.178
2.392 1.174
2.472 1.171
2.551 1.169
2.630 1.168
2.709 1.168
2.788 1.169
2.866 1.171
2.944 1.174
3.022 1.178
3.099 1.182
3.176 1.187
3.252 1.193
3.327 1.199
3.401 1.206
3.475 1.214
3.547 1.222
3.619 1.231
3.690 1.239
3.760 1.248
3.828 1.258
3.896 1.267
3.964 1.277
4.030 1.286
4.095 1.296
4.160 1.305
4.224 1.315
4.287 1.324
4.349 1.334
4.411 1.343
4.472 1.352
4.532 1.361
4.591 1.370
4.650 1.379
4.708 1.388
4.766 1.396
4.823 1.404
4.879 1.412
4.935 1.420
4.990 1.428
5.046 1.435
5.100 1.442
5.155 1.449
5.209 1.456
5.263 1.462
5.317 1.468
5.371 1.474
5.424 1.480
5.478 1.485
5.532 1.491
5.585 1.496
5.639 1.501
5.692 1.505
5.746 1.510
5.800 1.514
5.854 1.518
5.908 1.522
5.963 1.526
6.017 1.529
6.072 1.532
6.127 1.536
6.183 1.539
6.238 1.542
6.294 1.544
6.350 1.547
6.407 1.550
6.463 1.552
6.520 1.554
6.577 1.556
6.635 1.559
6.693 1.561
6.751 1.563
6.809 1.565
6.867 1.566
6.926 1.568
6.984 1.570
7.043 1.572
7.102 1.574
7.161 1.575
7.220 1.577
7.279 1.579
7.338 1.581
7.398 1.582
7.457 1.584
7.516 1.586
7.575 1.588
7.633 1.590
7.692 1.592
7.751 1.594
7.809 1.596
7.867 1.598
7.925 1.600
7.982 1.603
8.039 1.605
8.096 1.607
8.153 1.610
8.209 1.612
8.265 1.615
8.320 1.617
8.375 1.620
8.430 1.623
8.484 1.626
8.538 1.628
8.592 1.631
8.645 1.634
8.698 1.637
8.750 1.640
8.802 1.643
8.854 1.646
8.905 1.649
8.956 1.652
9.007 1.655
9.057 1.658
9.107 1.661
9.157 1.664
9.206 1.667
9.256 1.670
9.305 1.673
9.355 1.675
9.404 1.678
9.453 1.681
9.502 1.684
9.551 1.686
9.601 1.689
9.650 1.691
9.700 1.694
9.750 1.696
9.800 1.698
9.851 1.701
9.902 1.703
9.953 1.705
10.005 1.706
10.057 1.708
10.110 1.710
10.164 1.711
10.218 1.713
10.273 1.714
10.328 1.715
10.385 1.716
10.442 1.717
10.500 1.718
10.558 1.718
10.618 1.719
10.679 1.719
10.740 1.719
10.803 1.719
10.866 1.719
10.930 1.718
10.995 1.718
11.061 1.717
11.128 1.716
11.196 1.715
11.265 1.714
11.335 1.713
11.405 1.712
11.476 1.711
11.548 1.709
11.621 1.708
11.694 1.706
11.768 1.705
11.842 1.703
11.917 1.701
11.992 1.700
12.068 1.698
12.143 1.697
12.219 1.695
12.295 1.694
12.371 1.692
12.447 1.691
12.522 1.690
12.598 1.689
12.673 1.688
12.747 1.687
12.822 1.686
12.895 1.686
12.968 1.685
13.041 1.685
13.113 1.685
13.184 1.685
13.254 1.685
13.323 1.686
13.392 1.687
13.459 1.687
13.525 1.688
13.591 1.690
13.655 1.691
13.719 1.692
13.781 1.694
13.842 1.696
13.902 1.698
13.961 1.700
14.019 1.702
14.076 1.704
14.132 1.707
14.187 1.709
14.241 1.712
14.294 1.715
14.345 1.717
14.396 1.720
14.446 1.723
14.496 1.726
14.544 1.729
14.592 1.732
14.639 1.735
14.686 1.739
14.732 1.742
14.778 1.745
14.823 1.748
14.869 1.751
14.914 1.755
14.960 1.758
15.006 1.761
15.053 1.764
15.099 1.768
15.146 1.771
15.193 1.774
15.241 1.777
15.290 1.780
15.339 1.783
15.388 1.787
15.439 1.790
15.490 1.793
15.542 1.795
15.594 1.798
15.648 1.801
15.702 1.804
15.758 1.806
15.815 1.809
15.873 1.811
15.932 1.814
15.992 1.816
16.054 1.818
16.117 1.820
16.181 1.822
16.247 1.824
16.314 1.825
16.383 1.827
16.453 1.828
16.525 1.829
16.598 1.830
16.673 1.830
16.749 1.831
16.827 1.831
16.907 1.831
16.988 1.830
17.070 1.830
17.153 1.829
17.235 1.828
17.318 1.827
17.402 1.826
17.487 1.825
17.572 1.823
17.658 1.821
17.745 1.819
17.832 1.817
17.920 1.815
18.009 1.812
18.097 1.810
18.185 1.807
18.272 1.804
18.359 1.802
18.445 1.799
18.530 1.796
18.615 1.794
18.698 1.791
18.781 1.789
18.862 1.787
18.942 1.784
19.021 1.782
19.098 1.781
19.173 1.779
19.247 1.777
19.319 1.776
19.389 1.775
19.457 1.774
19.522 1.774
19.585 1.774
19.646 1.774
19.705 1.774
19.761 1.774
19.818 1.775
19.873 1.776
19.925 1.777
19.973 1.778
20.018 1.780
20.062 1.781
20.103 1.784
20.144 1.786
20.181 1.788
20.216 1.791
20.250 1.794
20.284 1.796
20.316 1.799
20.345 1.802
20.372 1.806
20.399 1.809
20.425 1.812
20.447 1.815
20.466 1.819
20.472 1.822
20.491 1.828
338
0.100 1.741
0.161 1.741
0.221 1.741
0.281 1.740
0.341 1.739
0.401 1.738
0.461 1.737
0.519 1.736
0.578 1.734
0.635 1.732
0.692 1.729
0.749 1.726
0.804 1.723
0.859 1.719
0.912 1.714
0.964 1.708
1.016 1.701
1.066 1.692
1.114 1.682
1.162 1.671
1.208 1.657
1.253 1.641
1.298 1.621
1.342 1.599
1.385 1.573
1.430 1.544
1.477 1.510
1.526 1.472
1.579 1.433
1.637 1.392
1.698 1.351
1.766 1.310
1.841 1.279
1.919 1.258
1.996 1.242
2.073 1.229
2.150 1.219
2.226 1.211
2.302 1.206
2.378 1.202
2.453 1.199
2.528 1.197
2.602 1.196
2.677 1.196
2.751 1.197
2.825 1.198
2.899 1.201
2.973 1.204
3.046 1.208
3.119 1.212
3.191 1.218
3.263 1.224
3.334 1.230
3.404 1.237
3.473 1.245
3.542 1.253
3.610 1.261
3.677 1.270
3.743 1.279
3.808 1.288
3.872 1.297
3.936 1.306
3.999 1.316
4.061 1.325
4.122 1.334
4.182 1.344
4.242 1.353
4.301 1.363
4.359 1.372
4.416 1.381
4.472 1.390
4.528 1.399
4.583 1.407
4.637 1.416
4.691 1.424
4.744 1.433
4.796 1.441
4.849 1.448
4.900 1.456
4.952 1.463
5.003 1.471
5.054 1.477
5.104 1.484
5.155 1.491
5.205 1.497
5.255 1.503
5.305 1.509
5.355 1.514
5.405 1.520
5.455 1.525
5.505 1.530
5.555 1.534
5.605 1.539
5.656 1.543
5.706 1.548
5.757 1.552
5.808 1.555
5.859 1.559
5.911 1.563
5.963 1.566
6.015 1.569
6.067 1.572
6.119 1.575
6.172 1.578
6.226 1.580
6.279 1.583
6.333 1.585
6.387 1.587
6.442 1.590
6.496 1.592
6.551 1.594
6.607 1.596
6.662 1.597
6.718 1.599
6.774 1.601
6.830 1.603
6.886 1.604
6.942 1.606
6.998 1.608
7.055 1.609
7.112 1.611
7.168 1.613
7.225 1.615
7.281 1.616
7.337 1.618
7.394 1.620
7.450 1.622
7.506 1.623
7.562 1.625
7.617 1.627
7.672 1.629
7.727 1.632
7.782 1.634
7.836 1.636
7.889 1.638
7.943 1.641
7.996 1.643
8.048 1.646
8.100 1.648
8.152 1.651
8.203 1.653
8.254 1.656
8.305 1.659
8.355 1.661
8.405 1.664
8.454 1.667
8.503 1.670
8.552 1.673
8.600 1.676
8.648 1.678
8.696 1.681
8.743 1.684
8.790 1.687
8.837 1.690
8.884 1.693
8.930 1.696
8.977 1.699
9.023 1.702
9.069 1.704
9.115 1.707
9.161 1.710
9.208 1.713
9.254 1.715
9.300 1.718
9.347 1.720
9.394 1.723
9.441 1.725
9.488 1.728
9.536 1.730
9.583 1.732
9.632 1.734
9.680 1.736
9.730 1.738
9.780 1.740
9.830 1.742
9.882 1.744
9.934 1.745
9.987 1.747
10.041 1.748
10.096 1.749
10.151 1.750
10.208 1.751
10.266 1.752
10.324 1.752
10.384 1.753
10.444 1.753
10.506 1.753
10.568 1.753
10.632 1.753
10.697 1.753
10.762 1.752
10.829 1.751
10.896 1.751
10.965 1.750
11.034 1.749
11.105 1.748
11.176 1.746
11.248 1.745
11.321 1.743
11.394 1.742
11.468 1.740
11.542 1.738
11.617 1.737
11.692 1.735
11.768 1.733
11.843 1.731
11.919 1.730
11.995 1.728
12.070 1.726
12.144 1.725
12.218 1.723
12.292 1.722
12.365 1.721
12.437 1.720
12.509 1.719
12.580 1.718
12.651 1.718
12.721 1.717
12.789 1.717
12.857 1.717
12.924 1.717
12.991 1.717
13.056 1.717
13.119 1.718
13.182 1.718
13.244 1.719
13.305 1.720
13.364 1.721
13.422 1.723
13.480 1.724
13.536 1.726
13.590 1.727
13.644 1.729
13.697 1.731
13.748 1.733
13.799 1.735
13.848 1.738
13.897 1.740
13.944 1.742
13.991 1.745
14.037 1.747
14.082 1.750
14.127 1.753
14.172 1.756
14.216 1.758
14.261 1.761
14.305 1.764
14.349 1.767
14.393 1.770
14.437 1.773
14.482 1.776
14.526 1.779
14.571 1.782
14.616 1.785
14.662 1.788
14.708 1.791
14.754 1.794
14.801 1.797
14.848 1.800
14.896 1.803
14.944 1.806
14.993 1.809
15.043 1.812
15.094 1.815
15.146 1.818
15.198 1.821
15.252 1.824
15.307 1.826
15.362 1.829
15.419 1.832
15.478 1.834
15.537 1.837
15.598 1.839
15.661 1.842
15.724 1.844
15.789 1.846
15.856 1.848
15.924 1.850
15.994 1.852
16.065 1.854
16.138 1.855
16.212 1.856
16.287 1.858
16.364 1.859
16.443 1.859
16.522 1.860
16.603 1.860
16.685 1.861
16.769 1.861
16.853 1.860
16.938 1.860
17.025 1.859
17.112 1.858
17.201 1.857
17.289 1.856
17.378 1.855
17.468 1.853
17.558 1.851
17.651 1.849
17.744 1.846
17.837 1.844
17.929 1.841
18.021 1.839
18.112 1.836
18.202 1.833
18.290 1.831
18.376 1.828
18.460 1.826
18.542 1.823
18.623 1.821
18.701 1.819
18.778 1.817
18.855 1.816
18.930 1.814
19.003 1.812
19.074 1.811
19.141 1.810
19.204 1.810
19.264 1.810
19.321 1.810
19.375 1.810
19.427 1.810
19.477 1.811
19.521 1.812
19.552 1.814
19.581 1.817
19.609 1.819
19.637 1.821
19.665 1.823
19.693 1.826
19.720 1.828
19.746 1.831
19.772 1.833
19.796 1.836
19.822 1.838
19.851 1.840
19.891 1.842
19.913 1.847
338
0.100 1.776
0.161 1.776
0.221 1.775
0.281 1.775
0.341 1.774
0.401 1.774
0.460 1.773
0.519 1.772
0.577 1.770
0.635 1.768
0.692 1.766
0.748 1.764
0.803 1.761
0.857 1.758
0.910 1.753
0.962 1.749
1.013 1.743
1.062 1.736
1.109 1.728
1.155 1.718
1.200 1.706
1.244 1.693
1.286 1.676
1.327 1.658
1.367 1.635
1.407 1.607
1.448 1.576
1.491 1.541
1.538 1.502
1.588 1.465
1.643 1.426
1.697 1.384
1.758 1.341
1.829 1.310
1.905 1.288
1.979 1.275
2.053 1.263
2.126 1.254
2.198 1.247
2.269 1.241
2.340 1.237
2.410 1.234
2.479 1.232
2.549 1.230
2.618 1.230
2.687 1.230
2.756 1.231
2.825 1.233
2.893 1.235
2.962 1.238
3.030 1.242
3.097 1.247
3.164 1.252
3.231 1.257
3.297 1.263
3.363 1.270
3.427 1.277
3.492 1.285
3.555 1.293
3.618 1.301
3.680 1.309
3.741 1.318
3.802 1.326
3.861 1.335
3.920 1.344
3.978 1.354
4.035 1.363
4.091 1.372
4.147 1.381
4.201 1.390
4.255 1.400
4.308 1.409
4.360 1.418
4.411 1.426
4.462 1.435
4.512 1.444
4.561 1.452
4.610 1.461
4.658 1.469
4.706 1.476
4.754 1.484
4.801 1.492
4.847 1.499
4.894 1.506
4.940 1.513
4.986 1.519
5.031 1.526
5.077 1.532
5.123 1.538
5.168 1.544
5.213 1.549
5.259 1.555
5.304 1.560
5.350 1.565
5.395 1.570
5.441 1.575
5.487 1.579
5.534 1.584
5.580 1.588
5.627 1.592
5.674 1.595
5.721 1.599
5.768 1.602
5.816 1.606
5.864 1.609
5.913 1.612
5.962 1.615
6.011 1.617
6.061 1.620
6.111 1.622
6.161 1.625
6.212 1.627
6.263 1.629
6.314 1.631
6.366 1.633
6.418 1.635
6.470 1.637
6.522 1.639
6.575 1.640
6.628 1.642
6.681 1.644
6.734 1.645
6.787 1.647
6.840 1.648
6.893 1.650
6.946 1.651
7.000 1.653
7.053 1.655
7.106 1.656
7.159 1.658
7.211 1.660
7.264 1.661
7.316 1.663
7.368 1.665
7.420 1.667
7.471 1.669
7.521 1.671
7.572 1.673
7.621 1.675
7.671 1.677
7.720 1.679
7.769 1.681
7.817 1.683
7.865 1.686
7.912 1.688
7.959 1.691
8.006 1.693
8.052 1.696
8.097 1.698
8.143 1.701
8.187 1.703
8.232 1.706
8.276 1.709
8.320 1.711
8.363 1.714
8.406 1.717
8.449 1.720
8.492 1.722
8.534 1.725
8.576 1.728
8.618 1.731
8.660 1.733
8.701 1.736
8.742 1.739
8.784 1.742
8.825 1.744
8.867 1.747
8.908 1.750
8.951 1.752
8.993 1.755
9.037 1.757
9.080 1.760
9.125 1.762
9.169 1.764
9.215 1.767
9.261 1.769
9.308 1.771
9.355 1.773
9.403 1.775
9.452 1.777
9.502 1.779
9.553 1.781
9.605 1.782
9.658 1.784
9.711 1.785
9.766 1.786
9.821 1.788
9.878 1.789
9.936 1.789
9.995 1.790
10.055 1.791
10.116 1.791
10.178 1.792
10.241 1.792
10.305 1.792
10.370 1.791
10.436 1.791
10.503 1.791
10.571 1.790
10.640 1.789
10.710 1.788
10.781 1.787
10.852 1.786
10.924 1.785
10.997 1.783
11.070 1.782
11.144 1.780
11.218 1.778
11.292 1.777
11.367 1.775
11.441 1.773
11.514 1.771
11.587 1.770
11.660 1.768
11.733 1.766
11.805 1.765
11.877 1.763
11.948 1.762
12.019 1.760
12.090 1.759
12.159 1.758
12.228 1.757
12.296 1.756
12.362 1.755
12.428 1.755
12.493 1.754
12.556 1.754
12.619 1.754
12.680 1.754
12.740 1.754
12.799 1.754
12.856 1.755
12.913 1.756
12.968 1.756
13.021 1.757
13.074 1.758
13.126 1.760
13.176 1.761
13.225 1.762
13.274 1.764
13.321 1.765
13.368 1.767
13.414 1.769
13.459 1.771
13.504 1.773
13.548 1.775
13.591 1.777
13.635 1.779
13.678 1.782
13.720 1.784
13.763 1.786
13.805 1.789
13.848 1.791
13.890 1.794
13.932 1.796
13.974 1.799
14.017 1.801
14.059 1.804
14.102 1.807
14.146 1.809
14.189 1.812
14.233 1.815
14.278 1.817
14.323 1.820
14.368 1.823
14.415 1.825
14.462 1.828
14.511 1.831
14.560 1.833
14.610 1.836
14.661 1.839
14.714 1.842
14.767 1.844
14.822 1.847
14.879 1.850
14.936 1.852
14.996 1.855
15.057 1.857
15.120 1.860
15.184 1.862
15.250 1.865
15.318 1.867
15.387 1.869
15.457 1.872
15.529 1.874
15.604 1.876
15.681 1.878
15.759 1.880
15.839 1.881
15.921 1.883
16.004 1.884
16.091 1.885
16.178 1.886
16.267 1.887
16.358 1.887
16.449 1.888
16.542 1.888
16.635 1.888
16.729 1.888
16.823 1.887
16.917 1.886
17.012 1.885
17.107 1.884
17.201 1.883
17.296 1.882
17.391 1.880
17.486 1.878
17.580 1.876
17.671 1.874
17.756 1.872
17.840 1.871
17.922 1.869
18.001 1.867
18.079 1.866
18.154 1.864
18.230 1.862
18.306 1.861
18.380 1.859
18.451 1.858
18.521 1.857
18.592 1.856
18.655 1.855
18.706 1.855
18.754 1.855
18.799 1.856
18.841 1.857
18.880 1.858
18.916 1.859
18.952 1.860
18.987 1.861
19.018 1.863
19.046 1.864
19.072 1.866
19.095 1.868
19.114 1.870
19.129 1.872
19.157 1.874
19.153 1.879
338
0.100 1.810
0.161 1.810
0.221 1.810
0.281 1.810
0.341 1.809
0.401 1.809
0.460 1.808
0.519 1.807
0.577 1.806
0.635 1.805
0.692 1.803
0.747 1.802
0.802 1.799
0.857 1.797
0.909 1.793
0.961 1.789
1.011 1.785
1.060 1.779
1.107 1.772
1.152 1.765
1.195 1.755
1.237 1.744
1.277 1.731
1.315 1.716
1.352 1.698
1.388 1.676
1.424 1.650
1.460 1.618
1.497 1.582
1.537 1.543
1.583 1.507
1.634 1.472
1.682 1.435
1.732 1.392
1.789 1.355
1.856 1.329
1.929 1.312
2.000 1.302
2.070 1.293
2.139 1.286
2.206 1.281
2.272 1.276
2.337 1.273
2.402 1.270
2.466 1.269
2.529 1.267
2.593 1.267
2.656 1.267
2.719 1.268
2.782 1.269
2.844 1.271
2.907 1.273
2.969 1.276
3.031 1.280
3.093 1.284
3.155 1.289
3.216 1.294
3.277 1.300
3.337 1.306
3.397 1.313
3.457 1.320
3.515 1.327
3.573 1.335
3.631 1.343
3.687 1.351
3.743 1.360
3.797 1.368
3.851 1.377
3.904 1.386
3.956 1.395
4.007 1.404
4.057 1.412
4.107 1.421
4.155 1.430
4.203 1.439
4.250 1.448
4.297 1.457
4.343 1.466
4.388 1.474
4.432 1.482
4.476 1.490
4.520 1.498
4.562 1.506
4.605 1.514
4.647 1.521
4.689 1.529
4.730 1.536
4.771 1.543
4.812 1.549
4.853 1.556
4.894 1.562
4.934 1.568
4.975 1.574
5.015 1.580
5.056 1.586
5.096 1.591
5.137 1.597
5.178 1.602
5.218 1.607
5.260 1.612
5.301 1.616
5.342 1.620
5.384 1.625
5.426 1.629
5.469 1.633
5.511 1.636
5.554 1.640
5.598 1.643
5.642 1.647
5.686 1.650
5.731 1.653
5.776 1.656
5.821 1.658
5.867 1.661
5.914 1.663
5.960 1.665
6.007 1.668
6.055 1.670
6.103 1.672
6.151 1.674
6.199 1.675
6.248 1.677
6.296 1.679
6.345 1.680
6.393 1.682
6.442 1.684
6.491 1.685
6.540 1.687
6.589 1.688
6.638 1.690
6.687 1.691
6.735 1.692
6.784 1.694
6.833 1.695
6.881 1.697
6.929 1.698
6.977 1.700
7.025 1.702
7.072 1.703
7.119 1.705
7.165 1.707
7.212 1.708
7.257 1.710
7.303 1.712
7.348 1.714
7.392 1.716
7.436 1.718
7.479 1.720
7.522 1.722
7.565 1.724
7.607 1.726
7.648 1.728
7.689 1.730
7.730 1.733
7.770 1.735
7.809 1.737
7.848 1.740
7.887 1.742
7.926 1.745
7.964 1.747
8.002 1.750
8.040 1.752
8.078 1.755
8.115 1.757
8.151 1.760
8.188 1.762
8.225 1.765
8.262 1.768
8.300 1.770
8.337 1.773
8.375 1.775
8.413 1.778
8.451 1.780
8.490 1.783
8.529 1.785
8.569 1.788
8.609 1.790
8.650 1.792
8.692 1.795
8.734 1.797
8.777 1.799
8.821 1.801
8.866 1.803
8.911 1.806
8.958 1.808
9.005 1.810
9.054 1.811
9.104 1.813
9.155 1.815
9.207 1.817
9.260 1.818
9.314 1.820
9.369 1.821
9.426 1.822
9.484 1.824
9.543 1.825
9.604 1.826
9.665 1.826
9.728 1.827
9.792 1.828
9.857 1.828
9.924 1.828
9.991 1.828
10.060 1.828
10.129 1.828
10.199 1.828
10.269 1.827
10.339 1.827
10.410 1.826
10.481 1.825
10.552 1.824
10.624 1.823
10.696 1.822
10.769 1.821
10.841 1.819
10.914 1.818
10.985 1.816
11.057 1.815
11.128 1.813
11.198 1.812
11.269 1.810
11.338 1.809
11.407 1.807
11.476 1.806
11.544 1.804
11.611 1.803
11.677 1.802
11.742 1.801
11.806 1.799
11.869 1.798
11.931 1.798
11.992 1.797
12.052 1.796
12.110 1.796
12.167 1.795
12.223 1.795
12.278 1.795
12.331 1.795
12.384 1.795
12.435 1.796
12.485 1.796
12.534 1.797
12.581 1.797
12.628 1.798
12.674 1.799
12.718 1.800
12.762 1.801
12.806 1.802
12.848 1.803
12.889 1.805
12.931 1.806
12.971 1.807
13.011 1.809
13.051 1.811
13.090 1.812
13.129 1.814
13.168 1.816
13.207 1.817
13.245 1.819
13.283 1.821
13.322 1.823
13.360 1.825
13.399 1.827
13.438 1.828
13.477 1.830
13.517 1.832
13.557 1.834
13.597 1.836
13.639 1.838
13.681 1.840
13.724 1.842
13.768 1.845
13.813 1.847
13.859 1.849
13.906 1.851
13.954 1.853
14.004 1.855
14.055 1.857
14.108 1.860
14.163 1.862
14.219 1.864
14.277 1.866
14.337 1.869
14.400 1.871
14.465 1.873
14.532 1.875
14.601 1.878
14.673 1.880
14.746 1.883
14.822 1.885
14.900 1.887
14.980 1.890
15.059 1.892
15.138 1.894
15.220 1.896
15.303 1.898
15.389 1.900
15.476 1.902
15.564 1.904
15.653 1.906
15.744 1.907
15.836 1.909
15.938 1.910
16.041 1.911
16.144 1.912
16.247 1.913
16.352 1.913
16.458 1.913
16.562 1.913
16.667 1.913
16.771 1.912
16.869 1.912
16.958 1.911
17.044 1.911
17.129 1.910
17.211 1.909
17.291 1.909
17.369 1.908
17.448 1.907
17.524 1.906
17.600 1.906
17.671 1.905
17.739 1.904
17.807 1.904
17.876 1.903
17.926 1.903
17.971 1.904
18.014 1.904
18.059 1.905
18.098 1.905
18.133 1.906
18.161 1.907
18.181 1.909
18.198 1.910
18.216 1.912
18.239 1.913
18.258 1.914
18.202 1.921
338
0.100 1.845
0.161 1.845
0.221 1.845
0.281 1.844
0.341 1.844
0.401 1.844
0.460 1.843
0.519 1.843
0.577 1.842
0.634 1.841
0.691 1.840
0.747 1.839
0.802 1.837
0.856 1.835
0.908 1.833
0.959 1.830
1.009 1.827
1.057 1.822
1.104 1.817
1.149 1.811
1.191 1.804
1.233 1.795
1.272 1.785
1.308 1.773
1.343 1.759
1.376 1.743
1.407 1.723
1.438 1.700
1.467 1.672
1.496 1.639
1.528 1.601
1.564 1.566
1.605 1.534
1.651 1.503
1.692 1.471
1.732 1.435
1.777 1.398
1.830 1.370
1.889 1.352
1.951 1.342
2.014 1.335
2.078 1.328
2.142 1.323
2.204 1.319
2.264 1.316
2.323 1.313
2.382 1.312
2.440 1.310
2.497 1.309
2.553 1.309
2.610 1.309
2.666 1.309
2.722 1.310
2.778 1.311
2.834 1.313
2.890 1.315
2.946 1.318
3.002 1.321
3.057 1.324
3.113 1.329
3.168 1.333
3.223 1.338
3.277 1.344
3.331 1.350
3.384 1.356
3.437 1.362
3.489 1.369
3.540 1.377
3.590 1.384
3.640 1.392
3.689 1.400
3.737 1.408
3.784 1.416
3.831 1.425
3.876 1.433
3.921 1.442
3.965 1.450
4.009 1.459
4.051 1.467
4.093 1.476
4.134 1.484
4.175 1.492
4.215 1.501
4.254 1.509
4.293 1.517
4.331 1.524
4.369 1.532
4.406 1.540
4.443 1.547
4.479 1.555
4.515 1.562
4.551 1.569
4.587 1.576
4.622 1.582
4.658 1.589
4.693 1.595
4.728 1.602
4.762 1.608
4.797 1.614
4.832 1.620
4.867 1.625
4.902 1.631
4.937 1.636
4.972 1.641
5.008 1.646
5.043 1.651
5.079 1.656
5.115 1.660
5.151 1.665
5.188 1.669
5.225 1.673
5.263 1.677
5.301 1.680
5.339 1.684
5.377 1.687
5.417 1.690
5.456 1.693
5.496 1.696
5.536 1.699
5.576 1.702
5.617 1.704
5.658 1.706
5.699 1.709
5.740 1.711
5.782 1.713
5.823 1.715
5.866 1.717
5.908 1.719
5.951 1.721
5.993 1.723
6.036 1.724
6.080 1.726
6.123 1.727
6.166 1.729
6.209 1.730
6.253 1.732
6.296 1.733
6.339 1.735
6.382 1.736
6.425 1.737
6.468 1.739
6.510 1.740
6.552 1.742
6.594 1.743
6.636 1.744
6.677 1.746
6.718 1.747
6.758 1.749
6.798 1.750
6.838 1.752
6.877 1.754
6.916 1.755
6.954 1.757
6.992 1.759
7.030 1.760
7.067 1.762
7.104 1.764
7.140 1.766
7.176 1.768
7.212 1.770
7.247 1.772
7.282 1.774
7.315 1.776
7.349 1.778
7.382 1.780
7.414 1.782
7.446 1.784
7.478 1.786
7.510 1.788
7.542 1.790
7.573 1.793
7.605 1.795
7.637 1.797
7.669 1.799
7.701 1.801
7.733 1.803
7.766 1.806
7.799 1.808
7.832 1.810
7.866 1.812
7.900 1.814
7.935 1.816
7.971 1.818
8.007 1.820
8.045 1.822
8.083 1.824
8.121 1.826
8.161 1.828
8.202 1.830
8.244 1.832
8.287 1.834
8.332 1.836
8.377 1.838
8.424 1.840
8.472 1.841
8.522 1.843
8.573 1.845
8.625 1.847
8.679 1.848
8.734 1.850
8.790 1.851
8.848 1.853
8.907 1.854
8.967 1.855
9.029 1.857
9.091 1.858
9.155 1.859
9.218 1.860
9.282 1.861
9.346 1.862
9.412 1.863
9.479 1.863
9.546 1.864
9.614 1.865
9.683 1.865
9.753 1.865
9.822 1.865
9.893 1.865
9.963 1.865
10.034 1.865
10.105 1.865
10.176 1.864
10.246 1.864
10.317 1.863
10.387 1.862
10.456 1.862
10.525 1.861
10.592 1.860
10.661 1.859
10.728 1.858
10.795 1.857
10.861 1.856
10.925 1.855
10.989 1.854
11.051 1.853
11.112 1.852
11.171 1.851
11.229 1.850
11.286 1.849
11.341 1.849
11.395 1.848
11.447 1.848
11.498 1.847
11.547 1.847
11.595 1.847
11.642 1.847
11.687 1.847
11.731 1.847
11.775 1.847
11.818 1.847
11.860 1.847
11.901 1.847
11.941 1.848
11.980 1.848
12.018 1.849
12.055 1.849
12.091 1.850
12.127 1.851
12.161 1.851
12.196 1.852
12.229 1.853
12.263 1.854
12.296 1.855
12.328 1.856
12.361 1.857
12.393 1.858
12.425 1.859
12.457 1.860
12.490 1.861
12.522 1.862
12.555 1.863
12.589 1.864
12.622 1.865
12.657 1.866
12.692 1.867
12.728 1.868
12.765 1.869
12.803 1.870
12.842 1.871
12.883 1.872
12.925 1.873
12.968 1.874
13.013 1.875
13.060 1.876
13.108 1.877
13.158 1.878
13.214 1.879
13.273 1.880
13.334 1.881
13.397 1.882
13.463 1.883
13.531 1.885
13.603 1.886
13.678 1.887
13.755 1.889
13.835 1.890
13.919 1.892
14.006 1.894
14.095 1.896
14.186 1.898
14.280 1.900
14.374 1.902
14.471 1.905
14.568 1.907
14.668 1.909
14.771 1.912
14.872 1.914
14.961 1.916
15.051 1.919
15.139 1.921
15.227 1.923
15.340 1.925
15.454 1.927
15.571 1.929
15.688 1.931
15.805 1.932
15.911 1.934
16.009 1.935
16.107 1.936
16.202 1.937
16.295 1.938
16.384 1.939
16.467 1.939
16.523 1.940
16.571 1.942
16.617 1.943
16.664 1.944
16.728 1.944
16.787 1.945
16.835 1.946
16.875 1.947
16.910 1.948
16.937 1.949
16.957 1.951
16.970 1.952
16.980 1.953
16.982 1.955
17.016 1.957
338
0.100 1.879
0.161 1.879
0.221 1.879
0.281 1.879
0.341 1.879
0.401 1.879
0.460 1.879
0.519 1.879
0.577 1.879
0.634 1.878
0.691 1.878
0.746 1.877
0.801 1.876
0.855 1.875
0.907 1.874
0.958 1.872
1.007 1.870
1.055 1.867
1.101 1.864
1.145 1.860
1.187 1.855
1.228 1.849
1.266 1.842
1.301 1.833
1.335 1.823
1.366 1.812
1.396 1.798
1.424 1.782
1.449 1.764
1.471 1.742
1.490 1.717
1.511 1.688
1.533 1.656
1.559 1.625
1.588 1.597
1.622 1.571
1.657 1.546
1.690 1.522
1.719 1.496
1.749 1.468
1.782 1.440
1.820 1.414
1.862 1.396
1.906 1.385
1.950 1.380
1.991 1.376
2.030 1.372
2.071 1.368
2.116 1.365
2.163 1.362
2.213 1.360
2.263 1.358
2.312 1.357
2.361 1.356
2.409 1.355
2.457 1.355
2.504 1.354
2.551 1.354
2.598 1.355
2.645 1.355
2.691 1.356
2.738 1.357
2.785 1.358
2.831 1.360
2.878 1.362
2.924 1.364
2.971 1.367
3.017 1.370
3.063 1.373
3.109 1.377
3.155 1.381
3.201 1.386
3.247 1.391
3.292 1.396
3.337 1.402
3.382 1.407
3.426 1.414
3.470 1.420
3.513 1.427
3.556 1.434
3.598 1.441
3.639 1.449
3.680 1.456
3.720 1.464
3.759 1.471
3.798 1.479
3.836 1.487
3.874 1.494
3.910 1.502
3.946 1.510
3.982 1.518
4.017 1.525
4.051 1.533
4.085 1.541
4.118 1.548
4.151 1.556
4.183 1.563
4.215 1.571
4.246 1.578
4.277 1.585
4.308 1.592
4.338 1.599
4.368 1.606
4.398 1.613
4.427 1.619
4.456 1.626
4.485 1.632
4.514 1.639
4.543 1.645
4.571 1.651
4.599 1.657
4.628 1.662
4.656 1.668
4.684 1.673
4.712 1.679
4.742 1.684
4.772 1.688
4.802 1.693
4.832 1.698
4.862 1.702
4.892 1.706
4.923 1.711
4.954 1.715
4.985 1.718
5.017 1.722
5.048 1.726
5.081 1.729
5.113 1.732
5.146 1.735
5.179 1.738
5.212 1.741
5.246 1.744
5.280 1.747
5.314 1.749
5.348 1.752
5.383 1.754
5.418 1.756
5.453 1.758
5.489 1.760
5.524 1.762
5.560 1.764
5.595 1.766
5.631 1.768
5.667 1.770
5.702 1.771
5.738 1.773
5.773 1.775
5.808 1.776
5.843 1.778
5.878 1.779
5.913 1.781
5.947 1.782
5.980 1.784
6.014 1.785
6.047 1.787
6.079 1.788
6.112 1.790
6.143 1.791
6.175 1.793
6.205 1.794
6.236 1.796
6.266 1.797
6.294 1.799
6.323 1.800
6.351 1.802
6.381 1.803
6.411 1.805
6.441 1.807
6.470 1.808
6.499 1.810
6.527 1.811
6.555 1.813
6.583 1.814
6.611 1.816
6.638 1.818
6.665 1.819
6.691 1.821
6.718 1.823
6.744 1.824
6.770 1.826
6.796 1.828
6.822 1.829
6.848 1.831
6.874 1.833
6.900 1.834
6.926 1.836
6.952 1.838
6.979 1.839
7.006 1.841
7.033 1.843
7.061 1.844
7.089 1.846
7.118 1.847
7.147 1.849
7.177 1.850
7.208 1.852
7.240 1.853
7.272 1.855
7.306 1.856
7.340 1.858
7.376 1.859
7.413 1.861
7.451 1.862
7.490 1.863
7.535 1.864
7.581 1.866
7.629 1.867
7.678 1.868
7.729 1.869
7.781 1.871
7.835 1.872
7.890 1.873
7.947 1.874
8.005 1.875
8.064 1.877
8.125 1.878
8.187 1.879
8.250 1.880
8.314 1.881
8.379 1.883
8.444 1.884
8.509 1.885
8.574 1.886
8.641 1.887
8.707 1.889
8.775 1.890
8.842 1.891
8.910 1.892
8.978 1.893
9.046 1.894
9.114 1.895
9.182 1.896
9.249 1.896
9.316 1.897
9.383 1.898
9.449 1.898
9.514 1.899
9.578 1.899
9.642 1.900
9.704 1.900
9.765 1.901
9.826 1.901
9.885 1.901
9.942 1.901
9.999 1.901
10.054 1.902
10.107 1.902
10.159 1.902
10.207 1.902
10.254 1.902
10.299 1.902
10.342 1.903
10.384 1.903
10.424 1.903
10.462 1.904
10.499 1.904
10.535 1.904
10.569 1.905
10.601 1.905
10.632 1.906
10.662 1.906
10.691 1.907
10.719 1.907
10.747 1.908
10.773 1.908
10.799 1.909
10.823 1.910
10.850 1.910
10.876 1.911
10.901 1.912
10.925 1.912
10.949 1.913
10.972 1.914
10.995 1.914
11.017 1.915
11.039 1.916
11.060 1.916
11.085 1.917
11.111 1.918
11.139 1.918
11.168 1.918
11.199 1.919
11.232 1.919
11.268 1.919
11.305 1.919
11.344 1.919
11.386 1.919
11.429 1.919
11.472 1.919
11.512 1.919
11.554 1.919
11.598 1.919
11.644 1.919
11.694 1.919
11.750 1.918
11.807 1.917
11.865 1.917
11.925 1.916
12.002 1.915
12.097 1.914
12.195 1.912
12.295 1.911
12.382 1.910
12.473 1.909
12.566 1.909
12.659 1.908
12.753 1.908
12.846 1.908
12.945 1.907
13.046 1.908
13.155 1.908
13.289 1.908
13.411 1.909
13.514 1.910
13.621 1.911
13.732 1.913
13.841 1.915
13.948 1.917
14.055 1.919
14.159 1.921
14.260 1.923
14.394 1.926
14.529 1.929
14.640 1.931
14.746 1.934
14.837 1.936
14.918 1.939
14.985 1.941
15.042 1.943
15.094 1.945
15.139 1.946
15.179 1.948
15.212 1.950
15.251 1.952
15.280 1.953
15.297 1.954
15.333 1.956
15.343 1.958
338
0.100 1.914
0.161 1.914
0.221 1.914
0.281 1.914
0.341 1.914
0.401 1.914
0.460 1.915
0.519 1.915
0.577 1.915
0.634 1.915
0.690 1.915
0.746 1.915
0.800 1.915
0.854 1.915
0.906 1.915
0.956 1.914
1.006 1.913
1.053 1.912
1.099 1.911
1.142 1.910
1.184 1.907
1.223 1.905
1.260 1.901
1.295 1.897
1.327 1.892
1.357 1.886
1.384 1.879
1.410 1.871
1.434 1.861
1.455 1.850
1.474 1.837
1.491 1.823
1.506 1.806
1.519 1.788
1.530 1.769
1.540 1.750
1.549 1.731
1.559 1.712
1.571 1.691
1.586 1.672
1.589 1.652
1.610 1.632
1.634 1.613
1.659 1.596
1.683 1.581
1.704 1.566
1.724 1.550
1.740 1.533
1.755 1.515
1.773 1.496
1.792 1.477
1.794 1.458
1.796 1.438
1.832 1.416
1.871 1.400
1.911 1.392
1.950 1.388
1.985 1.385
2.018 1.382
2.051 1.379
2.088 1.377
2.126 1.375
2.167 1.373
2.208 1.372
2.251 1.371
2.294 1.371
2.335 1.371
2.375 1.371
2.414 1.371
2.453 1.371
2.493 1.372
2.573 1.367
2.613 1.368
2.653 1.369
2.693 1.370
2.733 1.371
2.773 1.373
2.814 1.374
2.855 1.376
2.897 1.378
2.938 1.381
2.865 1.391
2.905 1.393
2.945 1.395
2.985 1.398
3.026 1.401
3.266 1.399
3.310 1.404
3.353 1.410
3.397 1.416
3.440 1.423
3.483 1.429
3.525 1.436
3.568 1.443
3.610 1.450
3.652 1.458
3.693 1.465
3.734 1.473
3.554 1.468
3.593 1.475
3.632 1.483
3.670 1.490
3.707 1.497
3.883 1.517
3.921 1.525
3.958 1.533
3.995 1.541
4.032 1.548
4.070 1.557
4.108 1.565
4.145 1.572
4.182 1.580
4.219 1.588
4.196 1.591
4.233 1.598
4.270 1.606
4.307 1.614
4.344 1.621
4.380 1.628
4.416 1.635
4.451 1.642
4.485 1.649
4.518 1.655
4.551 1.661
4.584 1.667
4.617 1.673
4.649 1.679
4.681 1.684
4.713 1.689
4.744 1.694
4.512 1.690
4.537 1.696
4.562 1.701
4.587 1.706
4.611 1.711
4.636 1.715
4.660 1.720
4.684 1.724
4.708 1.728
4.732 1.732
4.756 1.736
4.780 1.740
4.803 1.744
4.827 1.747
4.851 1.751
4.874 1.754
4.898 1.757
5.272 1.757
5.298 1.760
5.323 1.762
5.348 1.764
5.372 1.767
5.396 1.769
5.419 1.771
5.441 1.773
5.463 1.776
5.484 1.778
5.502 1.780
5.518 1.782
5.534 1.784
5.550 1.786
5.565 1.788
5.580 1.790
5.600 1.792
5.728 1.792
5.746 1.793
5.764 1.795
5.783 1.797
5.806 1.799
5.829 1.800
5.851 1.802
5.603 1.810
5.629 1.812
5.654 1.813
6.148 1.802
6.173 1.804
6.198 1.805
6.223 1.807
6.248 1.808
6.274 1.810
6.300 1.812
6.327 1.813
6.354 1.815
6.382 1.816
6.410 1.818
6.439 1.819
6.468 1.821
6.498 1.823
6.529 1.824
6.560 1.826
6.593 1.827
6.626 1.829
6.659 1.830
6.694 1.831
6.729 1.833
6.233 1.847
6.260 1.848
6.600 1.843
6.636 1.845
6.672 1.846
6.712 1.847
6.757 1.849
6.803 1.850
6.716 1.853
6.760 1.854
6.815 1.855
6.871 1.856
6.929 1.857
6.990 1.858
7.047 1.859
7.104 1.860
7.161 1.861
7.219 1.862
7.278 1.863
7.338 1.864
6.718 1.875
6.757 1.876
6.797 1.877
6.839 1.878
7.320 1.873
7.388 1.874
7.458 1.875
7.528 1.876
7.597 1.877
7.666 1.878
7.734 1.879
7.801 1.880
7.867 1.881
7.932 1.882
7.996 1.883
8.058 1.884
8.119 1.885
8.177 1.886
8.234 1.887
8.288 1.888
8.340 1.890
8.389 1.891
8.435 1.892
8.479 1.893
8.519 1.894
8.556 1.895
8.589 1.897
8.619 1.898
8.646 1.899
8.676 1.900
8.146 1.901
8.190 1.902
8.234 1.903
8.276 1.904
9.232 1.903
9.256 1.904
9.278 1.905
9.296 1.906
9.313 1.907
9.316 1.908
9.318 1.909
9.319 1.910
9.322 1.912
9.339 1.912
9.358 1.913
9.376 1.914
9.606 1.914
9.631 1.915
9.107 1.918
10.075 1.909
10.102 1.910
10.131 1.911
10.160 1.912
10.190 1.912
10.222 1.913
10.256 1.913
10.291 1.914
10.328 1.914
10.368 1.915
10.410 1.915
10.454 1.915
10.502 1.915
10.551 1.915
10.604 1.915
10.659 1.915
10.716 1.915
10.395 1.927
10.277 1.928
10.354 1.928
10.439 1.928
10.541 1.927
10.662 1.925
10.783 1.924
10.893 1.922
10.105 1.940
10.706 1.930
10.862 1.928
10.998 1.925
11.129 1.923
10.339 1.941
10.472 1.940
10.327 1.946
11.097 1.929
11.307 1.924
10.493 1.947
10.602 1.946
10.519 1.947
10.664 1.945
10.856 1.942
11.061 1.938
11.241 1.934
11.066 1.941
11.133 1.939
11.404 1.933
10.390 1.958
10.507 1.957
11.535 1.933
11.800 1.926
10.731 1.955
10.862 1.953
11.932 1.926
12.260 1.919
11.229 1.947
11.426 1.942
11.666 1.937
12.769 1.914
11.752 1.936
11.934 1.933
12.168 1.928
12.416 1.924
12.289 1.927
12.505 1.924
12.729 1.922
12.944 1.920
13.120 1.920
13.279 1.921
11.846 1.942
11.918 1.941
12.006 1.939
12.069 1.938
12.132 1.938
13.655 1.927
13.579 1.928
338
0.100 1.948
0.161 1.948
0.221 1.949
0.281 1.949
0.341 1.949
0.401 1.950
0.460 1.950
0.518 1.951
0.576 1.951
0.634 1.952
0.690 1.952
0.745 1.953
0.800 1.954
0.853 1.955
0.905 1.955
0.955 1.956
1.004 1.957
1.052 1.958
1.097 1.958
1.140 1.959
1.181 1.959
1.220 1.960
1.256 1.960
1.290 1.960
1.321 1.960
1.350 1.960
1.376 1.959
1.400 1.959
1.423 1.958
1.443 1.956
1.460 1.955
1.476 1.953
1.490 1.951
1.502 1.948
1.513 1.946
1.523 1.943
1.531 1.940
1.539 1.937
1.546 1.935
1.552 1.932
1.558 1.930
1.563 1.928
1.567 1.926
1.571 1.924
1.574 1.922
1.577 1.921
1.580 1.920
1.582 1.919
1.584 1.918
1.586 1.917
1.588 1.916
1.589 1.915
1.590 1.915
1.592 1.915
1.593 1.914
1.593 1.914
1.594 1.914
1.595 1.914
1.595 1.914
1.596 1.914
1.596 1.915
1.597 1.915
1.597 1.915
1.598 1.915
1.598 1.916
1.598 1.916
1.598 1.917
1.598 1.917
1.599 1.918
1.599 1.918
1.599 1.919
1.599 1.919
1.599 1.920
1.599 1.920
1.599 1.921
1.599 1.921
1.599 1.922
1.600 1.922
1.600 1.923
1.600 1.923
1.600 1.923
1.600 1.924
1.600 1.924
1.600 1.924
1.600 1.925
1.600 1.925
1.600 1.925
1.600 1.925
1.600 1.926
1.600 1.926
1.600 1.926
1.600 1.926
1.600 1.926
1.600 1.926
1.600 1.926
1.600 1.925
1.600 1.925
1.600 1.925
1.600 1.925
1.600 1.924
1.600 1.924
1.600 1.924
1.600 1.923
1.600 1.923
1.600 1.922
1.600 1.922
1.600 1.921
1.600 1.921
1.600 1.920
1.600 1.919
1.600 1.919
1.600 1.918
1.600 1.917
1.600 1.917
1.600 1.916
1.600 1.915
1.600 1.915
1.600 1.914
1.600 1.913
1.600 1.913
1.600 1.912
1.600 1.911
1.600 1.911
1.600 1.910
1.600 1.910
1.600 1.909
1.600 1.908
1.600 1.908
1.600 1.908
1.600 1.907
1.600 1.907
1.600 1.906
1.600 1.906
1.600 1.906
1.600 1.906
1.600 1.906
1.600 1.906
1.600 1.905
1.600 1.905
1.600 1.906
1.600 1.906
1.600 1.906
1.600 1.906
1.600 1.906
1.600 1.906
1.600 1.907
1.600 1.907
1.600 1.908
1.600 1.908
1.600 1.909
1.600 1.909
1.600 1.910
1.600 1.910
1.600 1.911
1.600 1.912
1.600 1.912
1.600 1.913
1.600 1.914
1.600 1.915
1.600 1.915
1.600 1.916
1.600 1.917
1.600 1.918
1.600 1.919
1.600 1.919
1.600 1.920
1.600 1.921
1.600 1.922
1.600 1.922
1.600 1.923
1.600 1.924
1.600 1.924
1.600 1.925
1.600 1.926
1.600 1.926
1.600 1.927
1.600 1.927
1.600 1.928
1.600 1.928
1.600 1.928
1.600 1.928
1.600 1.929
1.600 1.929
1.600 1.929
1.600 1.929
1.600 1.929
1.600 1.929
1.600 1.928
1.600 1.928
1.600 1.928
1.600 1.927
1.600 1.927
1.600 1.927
1.600 1.926
1.600 1.925
1.600 1.925
1.600 1.924
1.600 1.923
1.600 1.923
1.600 1.922
1.600 1.921
1.600 1.920
1.600 1.919
1.600 1.918
1.600 1.917
1.600 1.916
1.600 1.915
1.600 1.914
1.600 1.913
1.600 1.912
1.600 1.912
1.600 1.911
1.600 1.910
1.600 1.909
1.600 1.908
1.600 1.907
1.600 1.906
1.600 1.905
1.600 1.904
1.600 1.904
1.600 1.903
1.600 1.902
1.600 1.902
1.600 1.901
1.600 1.901
1.600 1.901
1.600 1.900
1.600 1.900
1.600 1.900
1.600 1.900
1.600 1.900
1.600 1.900
1.600 1.900
1.600 1.900
1.600 1.900
1.600 1.900
1.600 1.901
1.600 1.901
1.600 1.902
1.600 1.902
1.600 1.903
1.600 1.904
1.600 1.904
1.600 1.905
1.600 1.906
1.600 1.907
1.600 1.908
1.600 1.909
1.600 1.910
1.600 1.912
1.600 1.913
1.600 1.914
1.600 1.915
1.600 1.916
1.600 1.918
1.600 1.919
1.600 1.920
1.600 1.921
1.600 1.923
1.600 1.924
1.600 1.925
1.600 1.926
1.600 1.927
1.600 1.928
1.600 1.929
1.600 1.930
1.600 1.931
1.600 1.932
1.600 1.932
1.600 1.933
1.600 1.933
1.600 1.933
1.600 1.934
1.600 1.934
1.600 1.934
1.600 1.933
1.600 1.933
1.600 1.932
1.600 1.932
1.600 1.931
1.600 1.930
1.600 1.929
1.600 1.928
1.600 1.926
1.600 1.924
1.600 1.923
1.600 1.921
1.600 1.918
1.600 1.916
1.600 1.914
1.600 1.911
1.600 1.908
1.600 1.905
1.600 1.902
1.600 1.899
1.600 1.896
1.600 1.892
1.600 1.889
1.600 1.885
1.600 1.881
1.600 1.877
1.600 1.873
1.600 1.869
1.600 1.865
1.600 1.861
1.600 1.857
1.600 1.852
1.600 1.848
7.434 1.877
9.136 1.905
9.735 1.913
9.956 1.918
10.430 1.914
10.503 1.920
10.672 1.921
10.478 1.930
10.503 1.934
10.430 1.939
11.157 1.922
10.723 1.938
11.177 1.927
10.762 1.941
10.609 1.947
10.824 1.945
10.861 1.945
10.818 1.948
10.644 1.953
11.494 1.933
10.995 1.948
11.539 1.935
11.336 1.941
11.387 1.941
11.875 1.929
12.065 1.925
11.803 1.932
11.845 1.931
12.035 1.927
11.350 1.946
338
0.100 1.983
0.161 1.983
0.221 1.983
0.281 1.984
0.341 1.984
0.401 1.985
0.460 1.986
0.519 1.986
0.576 1.988
0.634 1.989
0.690 1.990
0.746 1.991
0.800 1.993
0.854 1.994
0.905 1.996
0.956 1.998
1.005 2.000
1.052 2.003
1.098 2.005
1.141 2.008
1.182 2.011
1.221 2.015
1.258 2.019
1.292 2.023
1.323 2.028
1.352 2.033
1.379 2.039
1.404 2.046
1.426 2.053
1.446 2.061
1.464 2.071
1.480 2.081
1.494 2.093
1.507 2.107
1.518 2.121
1.527 2.135
1.536 2.148
1.544 2.161
1.551 2.173
1.557 2.185
1.562 2.195
1.568 2.205
1.572 2.214
1.576 2.222
1.579 2.229
1.582 2.235
1.585 2.240
1.587 2.245
1.589 2.249
1.591 2.253
1.592 2.256
1.593 2.259
1.594 2.262
1.595 2.265
1.596 2.268
1.597 2.272
1.597 2.276
1.598 2.281
1.598 2.286
1.598 2.292
1.599 2.299
1.599 2.308
1.599 2.318
1.599 2.329
1.599 2.343
1.600 2.359
1.600 2.377
1.600 2.399
1.600 2.425
1.600 2.455
1.659 2.483
1.699 2.502
1.745 2.513
1.793 2.525
1.846 2.537
1.863 2.522
1.912 2.530
1.971 2.540
2.035 2.550
2.102 2.559
2.172 2.568
2.118 2.545
2.175 2.551
2.233 2.556
2.295 2.561
2.356 2.565
2.415 2.568
2.470 2.571
2.523 2.573
2.573 2.574
2.620 2.574
2.665 2.574
2.706 2.573
2.745 2.572
2.780 2.570
2.812 2.567
2.839 2.565
2.862 2.562
2.880 2.559
2.892 2.556
2.907 2.553
2.917 2.550
3.134 2.553
3.144 2.549
3.136 2.545
3.122 2.541
3.113 2.538
3.336 2.535
3.323 2.530
3.298 2.527
3.264 2.525
3.239 2.523
3.444 2.514
3.397 2.512
3.354 2.512
3.562 2.500
3.516 2.499
3.460 2.499
3.663 2.486
3.609 2.485
3.543 2.487
3.749 2.472
3.703 2.471
3.648 2.472
3.603 2.473
3.807 2.455
3.756 2.456
3.708 2.457
3.927 2.438
3.897 2.436
3.867 2.435
3.840 2.434
3.831 2.432
4.079 2.410
4.079 2.406
4.087 2.401
4.102 2.396
4.127 2.390
4.160 2.384
4.203 2.377
4.253 2.369
4.313 2.361
4.380 2.353
4.192 2.361
4.266 2.350
4.360 2.339
4.459 2.328
4.560 2.318
4.399 2.322
4.521 2.309
4.647 2.297
4.495 2.301
4.620 2.288
4.751 2.277
4.601 2.280
4.737 2.266
4.879 2.256
4.722 2.258
4.857 2.245
4.989 2.236
4.816 2.238
4.949 2.227
5.080 2.219
4.898 2.220
5.015 2.210
5.125 2.203
4.941 2.205
5.034 2.197
5.145 2.189
5.241 2.183
5.037 2.185
5.114 2.178
5.201 2.171
5.285 2.166
5.354 2.162
5.110 2.164
5.160 2.159
5.205 2.154
5.256 2.150
5.307 2.145
5.353 2.142
5.395 2.138
5.429 2.135
5.457 2.132
5.476 2.130
5.488 2.127
5.491 2.125
5.485 2.122
5.471 2.120
5.450 2.118
5.427 2.116
5.405 2.115
5.375 2.113
5.753 2.110
5.688 2.108
5.605 2.106
5.524 2.105
5.927 2.105
5.804 2.102
5.665 2.100
5.560 2.099
5.930 2.099
5.769 2.096
5.617 2.095
5.961 2.095
5.735 2.093
6.109 2.095
5.875 2.091
5.669 2.090
5.953 2.090
5.710 2.088
6.007 2.088
5.752 2.086
6.025 2.087
5.747 2.085
6.023 2.085
6.347 2.089
6.015 2.084
6.322 2.087
6.017 2.082
6.370 2.086
6.063 2.081
6.431 2.085
6.163 2.080
5.968 2.078
6.404 2.081
6.222 2.078
6.099 2.075
6.677 2.083
6.628 2.080
6.630 2.079
6.689 2.078
6.806 2.079
6.292 2.069
6.475 2.070
6.753 2.072
7.075 2.078
6.685 2.067
7.096 2.074
6.808 2.066
7.280 2.075
7.012 2.066
7.523 2.078
7.316 2.069
7.123 2.062
7.613 2.073
7.420 2.065
7.263 2.059
7.718 2.069
7.507 2.061
7.976 2.073
7.723 2.062
8.151 2.075
7.884 2.063
7.652 2.054
7.986 2.061
8.350 2.072
8.013 2.058
8.352 2.067
7.987 2.053
8.284 2.060
7.906 2.047
8.119 2.051
8.388 2.057
8.605 2.063
8.122 2.045
8.303 2.049
8.485 2.053
8.650 2.057
8.763 2.059
8.148 2.038
8.215 2.039
8.265 2.039
8.296 2.039
8.307 2.038
8.294 2.036
8.257 2.034
8.985 2.056
8.867 2.051
8.679 2.044
8.464 2.037
9.083 2.055
8.715 2.043
9.254 2.059
8.758 2.043
9.144 2.055
8.471 2.034
8.618 2.038
8.641 2.039
8.553 2.036
9.179 2.056
8.584 2.038
8.609 2.040
9.118 2.057
8.908 2.053
8.535 2.045
8.674 2.058
7.950 2.055
1.600 2.253
1.600 2.250
1.600 2.247
1.600 2.244
1.600 2.240
1.600 2.236
1.600 2.233
1.600 2.229
1.600 2.224
1.600 2.220
1.600 2.216
1.600 2.211
1.600 2.207
1.600 2.202
1.600 2.197
1.600 2.192
1.600 2.187
1.600 2.182
1.600 2.176
1.600 2.171
1.600 2.165
1.600 2.159
1.600 2.153
1.600 2.147
1.600 2.141
1.600 2.136
1.600 2.130
1.600 2.124
1.600 2.119
1.600 2.114
1.600 2.109
1.600 2.106
1.600 2.103
1.600 2.101
1.600 2.100
1.600 2.101
1.600 2.104
1.600 2.109
1.600 2.116
1.600 2.123
338
0.100 2.017
0.161 2.017
0.221 2.018
0.281 2.018
0.341 2.019
0.401 2.020
0.460 2.021
0.519 2.022
0.577 2.024
0.634 2.025
0.690 2.027
0.746 2.029
0.800 2.032
0.854 2.034
0.906 2.037
0.956 2.040
1.006 2.044
1.053 2.048
1.099 2.053
1.142 2.058
1.183 2.063
1.223 2.070
1.260 2.077
1.294 2.086
1.325 2.096
1.355 2.107
1.382 2.119
1.407 2.133
1.430 2.149
1.450 2.167
1.469 2.188
1.486 2.212
1.502 2.240
1.517 2.270
1.530 2.299
1.542 2.328
1.552 2.357
1.561 2.386
1.577 2.416
1.600 2.446
1.630 2.472
1.665 2.493
1.703 2.506
1.742 2.511
1.779 2.516
1.815 2.522
1.851 2.527
1.929 2.552
1.977 2.557
2.026 2.562
2.075 2.566
2.124 2.569
2.172 2.572
2.219 2.575
2.266 2.578
2.312 2.580
2.358 2.581
2.404 2.583
2.450 2.584
2.496 2.585
2.543 2.585
2.589 2.585
2.636 2.585
2.682 2.585
2.729 2.584
2.776 2.583
2.823 2.582
2.870 2.580
2.918 2.578
2.965 2.575
3.012 2.572
3.060 2.569
3.107 2.565
3.154 2.561
3.201 2.557
3.248 2.552
3.294 2.547
3.341 2.542
3.386 2.536
3.432 2.531
3.477 2.525
3.521 2.518
3.565 2.512
3.609 2.505
3.652 2.499
3.694 2.492
3.735 2.485
3.776 2.478
3.817 2.471
3.856 2.464
3.896 2.457
3.934 2.450
3.972 2.443
4.009 2.436
4.046 2.429
4.082 2.422
4.117 2.415
4.152 2.408
4.186 2.402
4.220 2.395
4.253 2.389
4.286 2.382
4.318 2.376
4.350 2.370
4.381 2.364
4.412 2.358
4.442 2.352
4.472 2.346
4.502 2.340
4.531 2.334
4.559 2.329
4.588 2.323
4.616 2.317
4.643 2.312
4.670 2.307
4.697 2.301
4.724 2.296
4.750 2.291
4.776 2.286
4.802 2.281
4.828 2.276
4.853 2.271
4.878 2.266
4.902 2.261
4.724 2.264
4.747 2.259
4.769 2.254
4.791 2.249
4.813 2.245
4.834 2.240
4.855 2.236
4.876 2.231
4.897 2.227
4.917 2.222
4.938 2.218
4.958 2.214
4.977 2.209
4.997 2.205
5.017 2.201
5.036 2.197
5.055 2.193
5.074 2.189
5.093 2.185
5.112 2.181
5.130 2.177
5.149 2.173
5.411 2.166
5.433 2.163
5.456 2.160
5.478 2.156
5.500 2.153
5.522 2.150
5.545 2.147
5.570 2.144
5.596 2.141
5.622 2.138
5.650 2.136
5.679 2.133
5.708 2.131
5.738 2.128
5.769 2.126
5.801 2.123
5.835 2.121
5.869 2.119
5.904 2.117
5.940 2.115
5.977 2.113
6.015 2.111
6.055 2.109
6.095 2.108
6.136 2.106
6.178 2.104
6.221 2.103
6.264 2.102
6.309 2.100
6.354 2.099
6.400 2.098
6.446 2.097
6.493 2.096
6.541 2.095
6.589 2.094
6.637 2.093
6.686 2.093
6.734 2.092
6.783 2.091
6.832 2.091
6.881 2.090
6.930 2.090
6.979 2.090
7.027 2.089
7.075 2.089
7.123 2.089
7.170 2.088
7.217 2.088
7.263 2.088
7.308 2.088
7.353 2.088
7.397 2.087
7.440 2.087
7.483 2.087
7.525 2.087
7.566 2.087
7.607 2.087
7.647 2.086
7.686 2.086
7.724 2.086
7.761 2.086
7.797 2.085
7.833 2.085
7.867 2.085
7.901 2.084
7.936 2.084
7.972 2.084
8.004 2.083
8.035 2.083
7.570 2.065
7.601 2.064
7.632 2.064
7.661 2.063
7.690 2.063
7.719 2.062
7.747 2.062
7.777 2.061
7.806 2.061
7.834 2.060
7.862 2.059
7.888 2.059
7.914 2.058
7.939 2.057
7.963 2.056
7.987 2.056
8.010 2.055
8.033 2.054
8.055 2.053
8.077 2.052
8.102 2.052
8.128 2.051
8.154 2.050
8.701 2.067
8.735 2.067
8.770 2.067
8.803 2.066
8.835 2.066
8.871 2.065
8.912 2.065
8.955 2.065
9.000 2.065
9.048 2.065
9.097 2.065
9.148 2.065
9.201 2.066
9.255 2.066
9.312 2.066
9.371 2.066
9.434 2.067
9.498 2.067
9.564 2.067
9.632 2.068
9.702 2.068
8.937 2.046
8.987 2.046
9.040 2.047
9.094 2.047
9.150 2.048
9.209 2.048
9.269 2.049
9.331 2.050
9.394 2.050
9.460 2.051
9.527 2.051
9.595 2.052
9.665 2.052
9.736 2.053
9.808 2.053
9.881 2.053
9.955 2.053
10.029 2.053
10.104 2.053
10.179 2.053
10.255 2.053
10.330 2.053
10.405 2.052
10.479 2.052
10.552 2.051
10.625 2.050
10.696 2.049
11.719 2.043
11.764 2.042
11.806 2.040
11.844 2.039
11.879 2.038
11.911 2.037
11.939 2.035
11.963 2.034
11.983 2.033
12.000 2.032
12.017 2.031
11.236 2.036
11.280 2.035
11.323 2.034
12.320 2.026
12.305 2.025
12.288 2.023
12.265 2.022
12.237 2.021
12.205 2.020
12.206 2.019
12.193 2.018
12.159 2.018
12.367 2.016
12.311 2.015
12.250 2.014
12.183 2.014
12.154 2.013
12.134 2.012
12.890 2.011
12.747 2.009
12.119 2.010
12.037 2.010
11.998 2.009
12.780 2.005
12.646 2.004
12.477 2.003
12.309 2.002
11.811 2.007
12.582 2.000
12.461 1.999
12.303 1.999
12.139 1.999
12.039 1.999
11.961 1.999
11.907 1.999
11.881 1.998
11.897 1.997
11.981 1.994
12.168 1.991
12.278 1.989
11.244 2.002
338
0.100 2.052
0.161 2.052
0.221 2.053
0.281 2.053
0.341 2.054
0.401 2.055
0.460 2.057
0.519 2.058
0.577 2.060
0.634 2.062
0.691 2.065
0.746 2.067
0.801 2.070
0.854 2.074
0.906 2.078
0.957 2.082
1.006 2.087
1.054 2.093
1.100 2.099
1.143 2.107
1.185 2.115
1.224 2.124
1.261 2.135
1.296 2.148
1.328 2.162
1.358 2.179
1.386 2.198
1.414 2.219
1.441 2.244
1.465 2.273
1.486 2.306
1.506 2.345
1.523 2.387
1.545 2.429
1.575 2.469
1.615 2.505
1.665 2.532
1.719 2.548
1.777 2.557
1.836 2.566
1.896 2.574
1.953 2.581
2.008 2.586
2.062 2.592
2.115 2.596
2.167 2.600
2.219 2.604
2.270 2.607
2.321 2.609
2.372 2.611
2.423 2.612
2.474 2.613
2.524 2.614
2.575 2.614
2.626 2.614
2.676 2.614
2.727 2.613
2.778 2.612
2.829 2.610
2.880 2.608
2.931 2.605
2.981 2.602
3.032 2.599
3.083 2.595
3.133 2.591
3.184 2.586
3.234 2.582
3.284 2.577
3.333 2.571
3.382 2.565
3.431 2.559
3.480 2.553
3.527 2.547
3.575 2.540
3.622 2.533
3.668 2.526
3.714 2.519
3.759 2.512
3.804 2.505
3.848 2.497
3.892 2.490
3.935 2.483
3.978 2.475
4.020 2.468
4.061 2.460
4.102 2.453
4.143 2.446
4.183 2.439
4.222 2.431
4.261 2.424
4.299 2.418
4.337 2.411
4.375 2.404
4.412 2.397
4.449 2.391
4.485 2.384
4.521 2.378
4.556 2.372
4.591 2.366
4.626 2.360
4.660 2.354
4.694 2.348
4.728 2.342
4.761 2.337
4.794 2.331
4.826 2.326
4.858 2.320
4.890 2.315
4.922 2.309
4.953 2.304
4.984 2.299
5.014 2.294
5.044 2.289
5.074 2.284
5.104 2.279
5.133 2.274
5.162 2.269
5.190 2.265
5.219 2.260
5.247 2.255
5.274 2.251
5.302 2.246
5.329 2.242
5.355 2.237
5.382 2.233
5.408 2.229
5.434 2.225
5.460 2.221
5.486 2.217
5.511 2.213
5.537 2.209
5.562 2.205
5.588 2.201
5.613 2.197
5.638 2.194
5.664 2.190
5.689 2.187
5.715 2.183
5.741 2.180
5.767 2.176
5.793 2.173
5.820 2.170
5.847 2.167
5.874 2.164
5.902 2.161
5.930 2.158
5.958 2.156
5.988 2.153
6.018 2.150
6.048 2.148
6.080 2.145
6.112 2.143
6.145 2.141
6.180 2.138
6.215 2.136
6.251 2.134
6.289 2.132
6.327 2.131
6.366 2.129
6.406 2.127
6.448 2.126
6.490 2.124
6.533 2.123
6.577 2.121
6.622 2.120
6.668 2.119
6.715 2.118
6.763 2.117
6.812 2.116
6.861 2.116
6.911 2.115
6.962 2.114
7.014 2.114
7.066 2.114
7.118 2.113
7.171 2.113
7.225 2.113
7.278 2.113
7.332 2.113
7.386 2.113
7.441 2.113
7.495 2.113
7.549 2.114
7.603 2.114
7.656 2.114
7.710 2.115
7.763 2.115
7.815 2.115
7.867 2.116
7.919 2.116
7.970 2.117
8.020 2.117
8.069 2.117
8.118 2.118
8.166 2.118
8.213 2.118
8.259 2.118
8.304 2.119
8.349 2.119
8.392 2.119
8.434 2.119
8.476 2.119
8.516 2.119
8.556 2.119
8.595 2.118
8.632 2.118
8.669 2.118
8.705 2.117
8.740 2.117
8.774 2.116
8.807 2.116
8.840 2.115
8.872 2.114
8.904 2.114
8.935 2.113
8.965 2.112
8.995 2.111
9.024 2.110
9.053 2.109
9.082 2.109
9.111 2.108
9.139 2.107
9.168 2.106
9.197 2.105
9.226 2.104
9.256 2.103
9.286 2.102
9.317 2.101
9.348 2.100
9.380 2.099
9.413 2.098
9.446 2.097
9.481 2.097
9.517 2.096
9.553 2.095
9.592 2.094
9.631 2.094
9.672 2.093
9.714 2.092
9.757 2.092
9.803 2.091
9.850 2.090
9.899 2.090
9.950 2.089
10.002 2.088
10.056 2.088
10.112 2.087
10.170 2.086
10.229 2.086
10.291 2.085
10.354 2.084
10.419 2.083
10.485 2.082
10.553 2.081
10.623 2.080
10.695 2.079
10.768 2.078
10.842 2.077
10.916 2.076
10.989 2.074
11.063 2.073
11.138 2.072
11.215 2.070
11.292 2.069
11.370 2.067
11.449 2.065
11.528 2.064
11.607 2.062
11.687 2.061
11.766 2.059
11.846 2.058
11.925 2.056
12.003 2.055
12.081 2.054
12.158 2.052
12.234 2.051
12.310 2.050
12.383 2.049
12.456 2.048
12.526 2.047
12.596 2.046
12.663 2.046
12.728 2.045
12.792 2.044
12.853 2.044
12.912 2.043
12.968 2.043
13.023 2.042
13.076 2.042
13.122 2.041
13.163 2.040
13.202 2.040
13.238 2.039
13.271 2.038
13.300 2.037
13.326 2.036
13.349 2.035
13.369 2.034
13.386 2.033
13.400 2.032
13.412 2.030
13.423 2.029
13.430 2.028
13.435 2.026
13.436 2.025
13.434 2.023
13.425 2.021
13.408 2.020
13.390 2.018
13.368 2.016
13.342 2.014
13.323 2.012
13.312 2.011
13.299 2.009
13.283 2.007
13.268 2.006
13.251 2.004
13.233 2.003
13.212 2.001
13.187 2.000
13.155 1.998
13.109 1.996
13.058 1.995
13.006 1.993
12.951 1.992
12.894 1.990
12.831 1.989
12.762 1.988
12.690 1.987
12.622 1.986
12.559 1.985
12.504 1.984
12.466 1.983
12.452 1.982
12.453 1.982
12.456 1.981
12.468 1.980
12.419 1.979
338
0.100 2.086
0.161 2.087
0.221 2.087
0.281 2.088
0.341 2.089
0.401 2.091
0.460 2.092
0.519 2.094
0.577 2.096
0.634 2.099
0.691 2.102
0.746 2.105
0.801 2.109
0.855 2.113
0.907 2.118
0.958 2.124
1.007 2.130
1.055 2.137
1.100 2.146
1.144 2.155
1.186 2.166
1.226 2.179
1.264 2.193
1.301 2.210
1.335 2.229
1.368 2.251
1.401 2.277
1.433 2.307
1.462 2.341
1.487 2.382
1.513 2.429
1.547 2.479
1.591 2.523
1.648 2.555
1.714 2.577
1.781 2.590
1.846 2.602
1.910 2.612
1.972 2.620
2.032 2.627
2.092 2.634
2.151 2.639
2.210 2.644
2.269 2.648
2.327 2.651
2.385 2.653
2.443 2.655
2.502 2.656
2.560 2.656
2.618 2.656
2.676 2.656
2.734 2.655
2.792 2.653
2.849 2.651
2.907 2.648
2.965 2.645
3.022 2.641
3.079 2.637
3.136 2.633
3.192 2.628
3.248 2.623
3.304 2.617
3.359 2.611
3.414 2.605
3.468 2.598
3.522 2.591
3.575 2.584
3.628 2.577
3.680 2.570
3.732 2.562
3.783 2.555
3.834 2.547
3.883 2.539
3.933 2.532
3.982 2.524
4.030 2.516
4.078 2.508
4.125 2.501
4.171 2.493
4.217 2.485
4.263 2.478
4.308 2.470
4.352 2.463
4.396 2.456
4.440 2.448
4.483 2.441
4.526 2.434
4.568 2.427
4.610 2.421
4.652 2.414
4.693 2.408
4.734 2.401
4.774 2.395
4.814 2.389
4.854 2.383
4.893 2.377
4.932 2.371
4.971 2.365
5.009 2.359
5.047 2.354
5.085 2.348
5.122 2.343
5.159 2.338
5.196 2.332
5.232 2.327
5.269 2.322
5.304 2.317
5.340 2.312
5.375 2.307
5.410 2.302
5.445 2.297
5.479 2.293
5.514 2.288
5.547 2.283
5.581 2.279
5.614 2.274
5.648 2.270
5.681 2.265
5.713 2.261
5.746 2.257
5.778 2.253
5.810 2.248
5.843 2.244
5.875 2.240
5.907 2.236
5.939 2.232
5.971 2.229
6.003 2.225
6.035 2.221
6.067 2.218
6.099 2.214
6.132 2.211
6.164 2.208
6.197 2.204
6.231 2.201
6.264 2.198
6.298 2.195
6.333 2.192
6.367 2.189
6.403 2.187
6.439 2.184
6.475 2.182
6.512 2.179
6.549 2.177
6.588 2.175
6.626 2.173
6.666 2.170
6.707 2.169
6.748 2.167
6.790 2.165
6.833 2.163
6.877 2.162
6.921 2.161
6.967 2.159
7.013 2.158
7.060 2.157
7.109 2.156
7.158 2.155
7.207 2.155
7.258 2.154
7.310 2.154
7.362 2.153
7.415 2.153
7.469 2.153
7.524 2.153
7.579 2.153
7.635 2.153
7.691 2.153
7.748 2.154
7.805 2.154
7.863 2.155
7.921 2.155
7.979 2.156
8.037 2.157
8.096 2.157
8.154 2.158
8.212 2.159
8.270 2.160
8.327 2.160
8.385 2.161
8.442 2.162
8.498 2.163
8.555 2.163
8.610 2.164
8.665 2.165
8.719 2.165
8.773 2.166
8.825 2.166
8.877 2.167
8.928 2.167
8.979 2.167
9.028 2.167
9.076 2.167
9.124 2.167
9.170 2.167
9.216 2.167
9.261 2.166
9.305 2.166
9.347 2.165
9.389 2.165
9.430 2.164
9.470 2.163
9.509 2.163
9.548 2.162
9.585 2.161
9.622 2.160
9.657 2.158
9.693 2.157
9.727 2.156
9.761 2.155
9.794 2.153
9.826 2.152
9.859 2.151
9.891 2.149
9.923 2.148
9.955 2.146
9.987 2.144
10.020 2.143
10.053 2.141
10.087 2.140
10.121 2.138
10.156 2.137
10.192 2.135
10.229 2.133
10.267 2.132
10.305 2.130
10.345 2.129
10.386 2.127
10.428 2.125
10.471 2.124
10.515 2.122
10.561 2.121
10.607 2.119
10.656 2.118
10.705 2.116
10.756 2.114
10.809 2.113
10.863 2.111
10.918 2.109
10.975 2.108
11.034 2.106
11.094 2.104
11.156 2.103
11.219 2.101
11.284 2.099
11.350 2.097
11.418 2.096
11.488 2.094
11.560 2.092
11.633 2.091
11.707 2.089
11.783 2.087
11.860 2.086
11.938 2.084
12.017 2.083
12.098 2.082
12.179 2.080
12.262 2.079
12.345 2.078
12.428 2.078
12.512 2.077
12.596 2.076
12.680 2.076
12.764 2.076
12.847 2.075
12.930 2.075
13.012 2.076
13.093 2.076
13.174 2.076
13.253 2.077
13.331 2.077
13.408 2.078
13.483 2.079
13.556 2.080
13.628 2.080
13.698 2.081
13.765 2.082
13.831 2.083
13.895 2.084
13.956 2.084
14.015 2.085
14.072 2.086
14.126 2.086
14.178 2.086
14.227 2.087
14.274 2.087
14.318 2.087
14.360 2.087
14.399 2.087
14.436 2.086
14.470 2.086
14.502 2.085
14.532 2.084
14.561 2.084
14.586 2.083
14.610 2.082
14.632 2.081
14.651 2.079
14.669 2.078
14.685 2.077
14.699 2.075
14.711 2.074
14.722 2.072
14.733 2.071
14.742 2.069
14.750 2.067
14.757 2.065
14.763 2.064
14.767 2.062
14.771 2.060
14.773 2.058
14.774 2.056
14.773 2.054
14.771 2.052
14.766 2.050
14.760 2.048
14.753 2.046
14.745 2.044
14.735 2.042
14.725 2.040
14.721 2.038
14.716 2.036
14.705 2.034
14.693 2.032
14.678 2.030
14.662 2.028
14.644 2.026
14.629 2.024
14.615 2.022
14.606 2.021
14.602 2.019
14.605 2.018
14.615 2.017
14.634 2.017
14.678 2.017
14.737 2.018
14.827 2.020
15.014 2.024
338
0.100 2.121
0.161 2.121
0.221 2.122
0.281 2.123
0.341 2.124
0.401 2.126
0.460 2.128
0.519 2.130
0.577 2.133
0.634 2.136
0.691 2.139
0.747 2.143
0.801 2.148
0.855 2.153
0.907 2.159
0.958 2.165
1.008 2.173
1.056 2.182
1.103 2.192
1.147 2.204
1.191 2.217
1.232 2.233
1.273 2.251
1.311 2.273
1.348 2.297
1.385 2.324
1.421 2.357
1.455 2.395
1.488 2.440
1.527 2.494
1.576 2.543
1.639 2.579
1.710 2.604
1.779 2.620
1.848 2.635
1.916 2.647
1.983 2.657
2.049 2.666
2.115 2.674
2.181 2.680
2.246 2.684
2.311 2.688
2.377 2.691
2.442 2.693
2.507 2.695
2.572 2.695
2.637 2.695
2.702 2.695
2.767 2.693
2.831 2.692
2.896 2.689
2.960 2.686
3.023 2.682
3.087 2.678
3.150 2.673
3.212 2.668
3.274 2.662
3.336 2.656
3.397 2.649
3.457 2.642
3.517 2.635
3.576 2.628
3.634 2.620
3.692 2.613
3.749 2.605
3.805 2.597
3.861 2.589
3.916 2.581
3.971 2.573
4.025 2.565
4.079 2.557
4.132 2.548
4.185 2.540
4.237 2.533
4.288 2.525
4.339 2.517
4.389 2.509
4.439 2.502
4.489 2.494
4.538 2.487
4.586 2.479
4.634 2.472
4.682 2.465
4.729 2.458
4.776 2.451
4.822 2.444
4.869 2.438
4.914 2.431
4.960 2.425
5.005 2.419
5.049 2.413
5.094 2.407
5.138 2.401
5.182 2.395
5.225 2.389
5.268 2.384
5.311 2.378
5.353 2.373
5.395 2.367
5.437 2.362
5.478 2.357
5.519 2.352
5.560 2.347
5.601 2.342
5.641 2.337
5.681 2.332
5.721 2.327
5.761 2.322
5.800 2.318
5.839 2.313
5.878 2.309
5.916 2.304
5.955 2.300
5.993 2.295
6.031 2.291
6.069 2.287
6.107 2.283
6.145 2.279
6.182 2.275
6.220 2.271
6.258 2.267
6.295 2.263
6.333 2.259
6.371 2.256
6.409 2.252
6.447 2.249
6.485 2.245
6.524 2.242
6.563 2.239
6.602 2.236
6.641 2.233
6.681 2.230
6.721 2.227
6.761 2.224
6.802 2.222
6.844 2.219
6.886 2.217
6.928 2.215
6.972 2.213
7.015 2.211
7.060 2.209
7.105 2.207
7.151 2.206
7.198 2.204
7.245 2.203
7.293 2.202
7.342 2.200
7.391 2.199
7.442 2.199
7.493 2.198
7.545 2.197
7.598 2.197
7.652 2.197
7.706 2.196
7.761 2.196
7.817 2.196
7.873 2.196
7.931 2.197
7.988 2.197
8.047 2.197
8.106 2.198
8.165 2.199
8.225 2.199
8.285 2.200
8.346 2.201
8.407 2.202
8.468 2.203
8.529 2.204
8.591 2.205
8.652 2.206
8.713 2.206
8.775 2.207
8.836 2.208
8.896 2.209
8.957 2.210
9.017 2.211
9.076 2.211
9.135 2.212
9.194 2.213
9.251 2.213
9.309 2.213
9.365 2.214
9.421 2.214
9.476 2.214
9.530 2.214
9.584 2.213
9.637 2.213
9.688 2.212
9.739 2.212
9.789 2.211
9.839 2.210
9.887 2.210
9.934 2.208
9.981 2.207
10.027 2.206
10.071 2.205
10.116 2.203
10.159 2.202
10.201 2.200
10.243 2.199
10.284 2.197
10.324 2.195
10.364 2.193
10.403 2.191
10.442 2.189
10.480 2.187
10.518 2.185
10.555 2.183
10.592 2.181
10.629 2.179
10.666 2.177
10.702 2.174
10.739 2.172
10.776 2.170
10.812 2.168
10.849 2.165
10.887 2.163
10.924 2.161
10.962 2.159
11.001 2.156
11.041 2.154
11.081 2.152
11.122 2.150
11.166 2.147
11.211 2.145
11.257 2.143
11.305 2.141
11.354 2.139
11.405 2.136
11.457 2.134
11.511 2.132
11.566 2.130
11.622 2.128
11.680 2.126
11.739 2.124
11.800 2.122
11.863 2.120
11.927 2.118
11.992 2.117
12.059 2.115
12.128 2.113
12.198 2.112
12.269 2.111
12.342 2.109
12.416 2.108
12.492 2.107
12.569 2.106
12.647 2.106
12.726 2.105
12.806 2.105
12.887 2.105
12.970 2.105
13.053 2.105
13.136 2.105
13.220 2.106
13.305 2.107
13.390 2.108
13.475 2.109
13.560 2.110
13.645 2.111
13.729 2.113
13.813 2.114
13.897 2.116
13.979 2.118
14.061 2.120
14.142 2.122
14.222 2.124
14.300 2.125
14.378 2.127
14.453 2.129
14.527 2.131
14.599 2.132
14.670 2.134
14.738 2.135
14.804 2.137
14.869 2.138
14.931 2.139
14.991 2.140
15.048 2.140
15.104 2.141
15.157 2.141
15.207 2.142
15.256 2.142
15.302 2.142
15.345 2.141
15.387 2.141
15.425 2.140
15.462 2.140
15.497 2.139
15.529 2.138
15.559 2.137
15.587 2.136
15.614 2.134
15.638 2.133
15.661 2.132
15.682 2.130
15.702 2.128
15.721 2.127
15.738 2.125
15.756 2.123
15.773 2.121
15.790 2.119
15.808 2.118
15.825 2.116
15.843 2.114
15.860 2.112
15.876 2.110
15.891 2.108
15.906 2.106
15.919 2.105
15.933 2.103
15.946 2.101
15.958 2.099
15.970 2.097
15.982 2.095
15.992 2.093
16.003 2.092
16.013 2.090
16.023 2.088
16.032 2.086
16.042 2.084
16.052 2.083
16.064 2.081
16.078 2.079
16.094 2.078
16.113 2.076
16.128 2.075
16.141 2.073
16.158 2.072
16.179 2.071
16.208 2.070
16.245 2.069
16.294 2.068
16.356 2.068
16.432 2.068
16.522 2.068
16.581 2.067
16.676 2.066
338
0.100 2.155
0.161 2.156
0.221 2.156
0.281 2.158
0.341 2.159
0.401 2.161
0.460 2.163
0.519 2.166
0.577 2.169
0.635 2.172
0.691 2.176
0.747 2.181
0.802 2.186
0.856 2.192
0.909 2.199
0.961 2.207
1.011 2.216
1.060 2.227
1.107 2.239
1.153 2.253
1.198 2.269
1.241 2.288
1.283 2.310
1.324 2.334
1.364 2.362
1.403 2.395
1.445 2.435
1.486 2.483
1.534 2.538
1.594 2.584
1.667 2.617
1.739 2.640
1.812 2.659
1.884 2.675
1.956 2.687
2.028 2.697
2.099 2.706
2.171 2.713
2.242 2.718
2.313 2.722
2.385 2.725
2.456 2.728
2.527 2.729
2.598 2.730
2.669 2.730
2.740 2.729
2.811 2.727
2.881 2.725
2.951 2.722
3.020 2.718
3.089 2.714
3.158 2.709
3.226 2.704
3.293 2.698
3.360 2.692
3.425 2.685
3.491 2.678
3.555 2.670
3.619 2.663
3.682 2.655
3.744 2.646
3.805 2.638
3.866 2.630
3.926 2.621
3.985 2.613
4.044 2.605
4.102 2.596
4.160 2.588
4.217 2.580
4.274 2.571
4.330 2.563
4.385 2.555
4.440 2.547
4.495 2.539
4.549 2.532
4.603 2.524
4.656 2.517
4.709 2.509
4.761 2.502
4.813 2.495
4.865 2.488
4.916 2.481
4.967 2.474
5.017 2.468
5.067 2.461
5.117 2.455
5.167 2.448
5.216 2.442
5.265 2.436
5.313 2.430
5.362 2.424
5.409 2.419
5.457 2.413
5.504 2.408
5.551 2.402
5.598 2.397
5.645 2.392
5.691 2.386
5.737 2.381
5.782 2.376
5.827 2.371
5.872 2.366
5.917 2.362
5.961 2.357
6.006 2.352
6.050 2.348
6.093 2.343
6.137 2.339
6.180 2.334
6.224 2.330
6.267 2.326
6.310 2.322
6.353 2.318
6.395 2.314
6.438 2.310
6.481 2.306
6.524 2.302
6.566 2.299
6.609 2.295
6.652 2.292
6.695 2.288
6.738 2.285
6.781 2.282
6.824 2.278
6.868 2.275
6.912 2.273
6.956 2.270
7.000 2.267
7.045 2.264
7.090 2.262
7.135 2.260
7.181 2.257
7.227 2.255
7.274 2.253
7.322 2.251
7.369 2.249
7.418 2.248
7.467 2.246
7.516 2.245
7.567 2.244
7.618 2.243
7.669 2.242
7.721 2.241
7.774 2.240
7.828 2.240
7.882 2.239
7.937 2.239
7.993 2.239
8.049 2.239
8.106 2.239
8.164 2.239
8.222 2.239
8.281 2.240
8.341 2.240
8.401 2.241
8.461 2.241
8.522 2.242
8.584 2.243
8.646 2.244
8.708 2.245
8.770 2.245
8.833 2.246
8.896 2.247
8.959 2.248
9.022 2.249
9.086 2.250
9.149 2.251
9.212 2.252
9.275 2.252
9.338 2.253
9.400 2.254
9.462 2.254
9.524 2.255
9.585 2.255
9.646 2.255
9.706 2.255
9.765 2.255
9.824 2.255
9.883 2.254
9.940 2.254
9.997 2.253
10.054 2.252
10.109 2.251
10.164 2.250
10.218 2.249
10.272 2.248
10.324 2.247
10.376 2.245
10.427 2.244
10.477 2.242
10.526 2.240
10.575 2.238
10.623 2.236
10.670 2.234
10.717 2.232
10.763 2.229
10.808 2.227
10.852 2.225
10.896 2.222
10.940 2.220
10.983 2.217
11.026 2.215
11.068 2.212
11.110 2.209
11.152 2.207
11.194 2.204
11.235 2.201
11.277 2.199
11.318 2.196
11.360 2.193
11.402 2.191
11.443 2.188
11.486 2.185
11.528 2.182
11.571 2.180
11.615 2.177
11.659 2.175
11.703 2.172
11.749 2.170
11.795 2.167
11.842 2.165
11.890 2.162
11.939 2.160
11.988 2.158
12.039 2.155
12.091 2.153
12.145 2.151
12.200 2.149
12.257 2.147
12.315 2.145
12.375 2.144
12.436 2.142
12.499 2.141
12.564 2.139
12.630 2.138
12.698 2.137
12.767 2.136
12.838 2.135
12.910 2.135
12.983 2.135
13.058 2.134
13.134 2.134
13.211 2.134
13.290 2.135
13.370 2.135
13.451 2.136
13.533 2.137
13.616 2.138
13.700 2.140
13.784 2.141
13.870 2.143
13.955 2.145
14.042 2.147
14.129 2.149
14.216 2.151
14.304 2.154
14.391 2.156
14.477 2.158
14.563 2.161
14.648 2.163
14.732 2.166
14.814 2.168
14.896 2.170
14.976 2.172
15.055 2.174
15.132 2.176
15.208 2.178
15.282 2.180
15.355 2.181
15.425 2.183
15.494 2.184
15.561 2.185
15.626 2.186
15.689 2.186
15.750 2.187
15.809 2.187
15.866 2.187
15.921 2.187
15.974 2.187
16.025 2.186
16.074 2.186
16.121 2.185
16.166 2.184
16.209 2.183
16.251 2.182
16.290 2.181
16.328 2.179
16.363 2.178
16.397 2.176
16.429 2.174
16.459 2.172
16.488 2.171
16.515 2.169
16.541 2.166
16.565 2.164
16.588 2.162
16.609 2.160
16.630 2.158
16.649 2.155
16.667 2.153
16.684 2.151
16.702 2.148
16.721 2.146
16.744 2.144
16.769 2.142
16.795 2.139
16.821 2.137
16.847 2.135
16.874 2.133
16.900 2.130
16.927 2.128
16.953 2.126
16.980 2.124
17.007 2.122
17.034 2.119
17.062 2.117
17.089 2.115
17.116 2.113
17.142 2.111
17.170 2.109
17.197 2.106
17.226 2.104
17.255 2.102
17.278 2.100
17.300 2.098
17.322 2.095
17.346 2.093
17.373 2.091
17.405 2.089
17.442 2.087
17.486 2.085
17.538 2.083
17.597 2.081
17.663 2.079
17.748 2.077
17.852 2.074
17.967 2.072
18.080 2.068
338
0.100 2.190
0.161 2.190
0.221 2.191
0.281 2.192
0.341 2.194
0.401 2.196
0.460 2.199
0.519 2.201
0.577 2.205
0.635 2.209
0.692 2.214
0.748 2.219
0.804 2.225
0.858 2.232
0.911 2.240
0.963 2.249
1.014 2.260
1.064 2.272
1.113 2.286
1.160 2.301
1.206 2.320
1.251 2.341
1.294 2.365
1.337 2.392
1.381 2.425
1.426 2.464
1.474 2.512
1.527 2.564
1.594 2.610
1.668 2.644
1.743 2.669
1.819 2.690
1.895 2.707
1.971 2.719
2.048 2.729
2.124 2.738
2.200 2.744
2.277 2.750
2.353 2.754
2.430 2.757
2.507 2.759
2.583 2.760
2.659 2.760
2.735 2.759
2.811 2.758
2.887 2.755
2.961 2.752
3.036 2.749
3.110 2.744
3.183 2.739
3.255 2.734
3.327 2.728
3.397 2.721
3.467 2.714
3.537 2.707
3.605 2.699
3.672 2.691
3.739 2.683
3.805 2.675
3.870 2.666
3.934 2.657
3.998 2.649
4.061 2.640
4.123 2.631
4.184 2.623
4.245 2.614
4.305 2.606
4.365 2.597
4.424 2.589
4.483 2.581
4.542 2.573
4.600 2.565
4.657 2.557
4.715 2.550
4.771 2.542
4.828 2.535
4.884 2.528
4.939 2.521
4.994 2.514
5.049 2.507
5.104 2.500
5.158 2.494
5.211 2.487
5.265 2.481
5.318 2.475
5.371 2.469
5.424 2.463
5.476 2.457
5.528 2.451
5.580 2.445
5.631 2.439
5.682 2.434
5.733 2.429
5.783 2.423
5.834 2.418
5.883 2.413
5.933 2.408
5.982 2.403
6.032 2.398
6.080 2.393
6.129 2.389
6.177 2.384
6.226 2.380
6.273 2.375
6.321 2.371
6.369 2.366
6.416 2.362
6.463 2.358
6.510 2.354
6.557 2.350
6.604 2.346
6.650 2.342
6.697 2.339
6.744 2.335
6.790 2.331
6.837 2.328
6.884 2.325
6.931 2.321
6.978 2.318
7.025 2.315
7.072 2.312
7.119 2.309
7.167 2.307
7.215 2.304
7.263 2.302
7.311 2.299
7.360 2.297
7.409 2.295
7.459 2.293
7.509 2.291
7.559 2.289
7.610 2.288
7.661 2.286
7.713 2.285
7.765 2.284
7.818 2.283
7.872 2.282
7.925 2.281
7.980 2.280
8.035 2.280
8.091 2.279
8.147 2.279
8.204 2.279
8.262 2.279
8.320 2.279
8.379 2.279
8.438 2.279
8.498 2.279
8.559 2.280
8.620 2.280
8.681 2.281
8.743 2.282
8.805 2.282
8.868 2.283
8.931 2.284
8.995 2.285
9.059 2.285
9.123 2.286
9.187 2.287
9.252 2.288
9.316 2.288
9.381 2.289
9.446 2.290
9.510 2.290
9.575 2.291
9.639 2.291
9.703 2.291
9.767 2.292
9.831 2.292
9.894 2.292
9.957 2.291
10.019 2.291
10.081 2.291
10.142 2.290
10.203 2.289
10.263 2.288
10.322 2.287
10.381 2.286
10.440 2.285
10.497 2.284
10.554 2.282
10.610 2.280
10.666 2.279
10.721 2.277
10.775 2.275
10.829 2.273
10.881 2.270
10.933 2.268
10.985 2.266
11.036 2.263
11.086 2.261
11.135 2.258
11.184 2.255
11.233 2.252
11.281 2.250
11.328 2.247
11.375 2.244
11.422 2.241
11.468 2.238
11.514 2.235
11.560 2.232
11.605 2.229
11.650 2.226
11.696 2.223
11.741 2.220
11.786 2.217
11.832 2.214
11.877 2.211
11.923 2.208
11.969 2.206
12.016 2.203
12.063 2.200
12.110 2.197
12.158 2.195
12.207 2.192
12.256 2.190
12.306 2.187
12.357 2.185
12.409 2.183
12.461 2.181
12.515 2.179
12.570 2.177
12.625 2.175
12.682 2.173
12.740 2.172
12.799 2.170
12.860 2.169
12.922 2.168
12.986 2.167
13.050 2.166
13.117 2.165
13.184 2.165
13.254 2.165
13.324 2.164
13.396 2.165
13.470 2.165
13.545 2.165
13.621 2.166
13.698 2.167
13.776 2.168
13.856 2.169
13.937 2.171
14.018 2.172
14.101 2.174
14.184 2.176
14.268 2.178
14.353 2.180
14.438 2.183
14.523 2.185
14.608 2.188
14.694 2.190
14.779 2.193
14.865 2.195
14.950 2.198
15.034 2.201
15.118 2.203
15.201 2.206
15.283 2.208
15.364 2.210
15.445 2.212
15.524 2.214
15.602 2.216
15.678 2.218
15.753 2.219
15.827 2.221
15.899 2.222
15.970 2.223
16.039 2.223
16.106 2.224
16.172 2.224
16.236 2.224
16.298 2.224
16.359 2.224
16.417 2.223
16.474 2.223
16.529 2.222
16.583 2.221
16.634 2.220
16.684 2.218
16.732 2.217
16.779 2.215
16.824 2.213
16.868 2.211
16.910 2.209
16.950 2.207
16.989 2.205
17.027 2.203
17.063 2.201
17.098 2.198
17.132 2.196
17.165 2.193
17.197 2.191
17.227 2.188
17.257 2.185
17.286 2.183
17.314 2.180
17.341 2.177
17.368 2.174
17.394 2.172
17.419 2.169
17.444 2.166
17.468 2.163
17.491 2.161
17.514 2.158
17.538 2.155
17.568 2.152
17.600 2.149
17.634 2.147
17.667 2.144
17.701 2.141
17.736 2.138
17.771 2.136
17.806 2.133
17.842 2.130
17.878 2.128
17.914 2.125
17.949 2.122
17.985 2.119
18.022 2.117
18.059 2.114
18.096 2.111
18.134 2.108
18.174 2.106
18.215 2.103
18.259 2.100
18.306 2.097
18.353 2.095
18.401 2.092
18.451 2.089
18.505 2.087
18.560 2.084
18.621 2.081
18.690 2.079
18.768 2.076
18.847 2.073
18.920 2.071
18.984 2.069
19.118 2.065
338
0.100 2.224
0.161 2.225
0.221 2.226
0.281 2.227
0.341 2.229
0.401 2.231
0.461 2.234
0.520 2.237
0.578 2.241
0.636 2.246
0.693 2.251
0.749 2.257
0.805 2.263
0.860 2.271
0.914 2.280
0.966 2.290
1.018 2.302
1.068 2.315
1.118 2.330
1.166 2.348
1.213 2.368
1.260 2.391
1.306 2.418
1.353 2.448
1.401 2.486
1.453 2.530
1.509 2.579
1.576 2.628
1.650 2.665
1.728 2.694
1.806 2.715
1.886 2.733
1.966 2.746
2.047 2.757
2.127 2.766
2.209 2.773
2.290 2.778
2.370 2.782
2.450 2.785
2.530 2.787
2.609 2.788
2.688 2.788
2.767 2.787
2.846 2.785
2.924 2.783
3.002 2.779
3.080 2.775
3.157 2.771
3.234 2.765
3.310 2.759
3.386 2.753
3.460 2.746
3.533 2.739
3.606 2.731
3.677 2.723
3.748 2.715
3.818 2.707
3.887 2.698
3.955 2.689
4.022 2.681
4.088 2.672
4.154 2.663
4.219 2.654
4.283 2.645
4.347 2.637
4.410 2.628
4.472 2.620
4.534 2.611
4.596 2.603
4.657 2.595
4.718 2.587
4.778 2.580
4.838 2.572
4.898 2.565
4.957 2.557
5.016 2.550
5.075 2.543
5.133 2.537
5.191 2.530
5.248 2.523
5.306 2.517
5.363 2.511
5.419 2.504
5.476 2.498
5.532 2.492
5.587 2.486
5.643 2.481
5.698 2.475
5.753 2.469
5.808 2.464
5.862 2.458
5.916 2.453
5.970 2.448
6.023 2.443
6.077 2.438
6.130 2.433
6.182 2.428
6.235 2.423
6.287 2.419
6.339 2.414
6.391 2.409
6.442 2.405
6.494 2.401
6.545 2.397
6.596 2.392
6.647 2.388
6.697 2.384
6.748 2.381
6.798 2.377
6.849 2.373
6.899 2.370
6.949 2.366
7.000 2.363
7.050 2.360
7.100 2.356
7.150 2.353
7.201 2.350
7.251 2.348
7.302 2.345
7.353 2.342
7.404 2.340
7.455 2.337
7.507 2.335
7.558 2.333
7.611 2.331
7.663 2.329
7.716 2.327
7.769 2.326
7.823 2.324
7.877 2.323
7.931 2.322
7.986 2.321
8.041 2.320
8.097 2.319
8.154 2.318
8.211 2.318
8.268 2.317
8.326 2.317
8.385 2.317
8.444 2.317
8.503 2.317
8.564 2.317
8.624 2.317
8.685 2.317
8.747 2.318
8.809 2.318
8.871 2.318
8.934 2.319
8.998 2.320
9.062 2.320
9.126 2.321
9.190 2.321
9.255 2.322
9.320 2.323
9.386 2.323
9.451 2.324
9.517 2.324
9.583 2.325
9.649 2.325
9.714 2.326
9.780 2.326
9.846 2.326
9.911 2.326
9.977 2.326
10.042 2.326
10.107 2.325
10.171 2.325
10.235 2.325
10.299 2.324
10.363 2.323
10.425 2.322
10.488 2.321
10.550 2.320
10.611 2.318
10.672 2.317
10.732 2.315
10.792 2.314
10.851 2.312
10.909 2.310
10.967 2.308
11.024 2.305
11.081 2.303
11.137 2.301
11.192 2.298
11.247 2.296
11.301 2.293
11.355 2.290
11.408 2.287
11.460 2.285
11.512 2.282
11.564 2.279
11.615 2.276
11.666 2.273
11.716 2.269
11.766 2.266
11.815 2.263
11.865 2.260
11.914 2.257
11.963 2.254
12.011 2.251
12.060 2.248
12.109 2.244
12.158 2.241
12.206 2.238
12.255 2.236
12.305 2.233
12.354 2.230
12.404 2.227
12.454 2.224
12.505 2.222
12.556 2.219
12.608 2.217
12.660 2.215
12.713 2.213
12.767 2.210
12.822 2.208
12.878 2.207
12.934 2.205
12.991 2.203
13.050 2.202
13.109 2.201
13.169 2.199
13.231 2.198
13.294 2.198
13.358 2.197
13.423 2.197
13.489 2.196
13.556 2.196
13.625 2.196
13.695 2.197
13.766 2.197
13.838 2.198
13.912 2.199
13.986 2.200
14.062 2.201
14.139 2.202
14.216 2.204
14.295 2.206
14.375 2.207
14.455 2.209
14.536 2.212
14.618 2.214
14.700 2.216
14.782 2.219
14.865 2.221
14.949 2.224
15.032 2.226
15.115 2.229
15.199 2.232
15.282 2.234
15.365 2.237
15.448 2.239
15.530 2.242
15.612 2.244
15.693 2.246
15.773 2.248
15.852 2.250
15.931 2.251
16.008 2.253
16.084 2.254
16.159 2.255
16.233 2.256
16.305 2.257
16.376 2.257
16.446 2.257
16.514 2.257
16.581 2.257
16.646 2.257
16.710 2.256
16.772 2.255
16.833 2.254
16.892 2.253
16.950 2.252
17.006 2.250
17.060 2.249
17.113 2.247
17.165 2.245
17.215 2.242
17.264 2.240
17.311 2.238
17.357 2.235
17.402 2.233
17.445 2.230
17.487 2.227
17.528 2.224
17.568 2.222
17.607 2.219
17.645 2.216
17.682 2.213
17.719 2.210
17.754 2.206
17.788 2.203
17.822 2.200
17.856 2.197
17.889 2.194
17.921 2.191
17.954 2.187
17.985 2.184
18.017 2.181
18.048 2.178
18.079 2.175
18.110 2.172
18.140 2.168
18.171 2.165
18.201 2.162
18.232 2.159
18.263 2.156
18.299 2.153
18.337 2.150
18.377 2.147
18.417 2.144
18.456 2.141
18.496 2.138
18.536 2.134
18.577 2.131
18.618 2.128
18.659 2.125
18.701 2.122
18.743 2.120
18.786 2.117
18.829 2.114
18.873 2.111
18.918 2.108
18.964 2.105
19.011 2.102
19.060 2.099
19.110 2.097
19.161 2.094
19.214 2.091
19.269 2.089
19.328 2.086
19.391 2.084
19.460 2.082
19.535 2.080
19.614 2.078
19.696 2.077
19.777 2.075
19.933 2.073
338
0.100 2.259
0.161 2.259
0.221 2.260
0.281 2.262
0.342 2.264
0.401 2.266
0.461 2.269
0.520 2.273
0.578 2.277
0.636 2.282
0.694 2.288
0.750 2.294
0.806 2.301
0.862 2.310
0.916 2.319
0.969 2.330
1.021 2.343
1.073 2.357
1.123 2.373
1.173 2.392
1.222 2.414
1.271 2.440
1.320 2.469
1.371 2.503
1.424 2.543
1.482 2.588
1.548 2.636
1.621 2.677
1.700 2.709
1.780 2.733
1.863 2.751
1.946 2.766
2.030 2.778
2.113 2.787
2.196 2.795
2.279 2.801
2.361 2.805
2.443 2.809
2.524 2.811
2.605 2.812
2.686 2.812
2.767 2.811
2.848 2.810
2.928 2.807
3.008 2.804
3.088 2.800
3.167 2.795
3.246 2.790
3.324 2.784
3.401 2.777
3.479 2.770
3.555 2.763
3.631 2.755
3.705 2.747
3.779 2.739
3.852 2.730
3.924 2.722
3.994 2.713
4.064 2.704
4.134 2.695
4.202 2.687
4.270 2.678
4.337 2.669
4.403 2.660
4.469 2.652
4.534 2.643
4.598 2.635
4.662 2.626
4.726 2.618
4.789 2.611
4.852 2.603
4.915 2.595
4.977 2.588
5.038 2.581
5.100 2.574
5.161 2.567
5.222 2.560
5.283 2.553
5.343 2.547
5.403 2.540
5.463 2.534
5.522 2.528
5.581 2.522
5.640 2.516
5.698 2.510
5.757 2.504
5.814 2.499
5.872 2.493
5.929 2.488
5.986 2.482
6.043 2.477
6.100 2.472
6.156 2.467
6.212 2.462
6.267 2.457
6.323 2.452
6.378 2.448
6.433 2.443
6.487 2.438
6.542 2.434
6.596 2.430
6.650 2.425
6.704 2.421
6.758 2.417
6.811 2.413
6.865 2.410
6.918 2.406
6.971 2.402
7.024 2.399
7.078 2.395
7.131 2.392
7.184 2.389
7.237 2.386
7.290 2.383
7.343 2.380
7.396 2.377
7.450 2.375
7.503 2.372
7.557 2.370
7.611 2.368
7.665 2.365
7.720 2.363
7.774 2.362
7.829 2.360
7.885 2.358
7.940 2.357
7.996 2.356
8.053 2.354
8.110 2.353
8.167 2.352
8.225 2.351
8.283 2.351
8.341 2.350
8.401 2.350
8.460 2.349
8.520 2.349
8.581 2.349
8.642 2.349
8.704 2.349
8.766 2.349
8.829 2.349
8.892 2.350
8.955 2.350
9.019 2.350
9.084 2.351
9.148 2.351
9.214 2.352
9.279 2.352
9.345 2.353
9.411 2.353
9.478 2.354
9.545 2.354
9.611 2.355
9.678 2.355
9.746 2.355
9.813 2.356
9.880 2.356
9.947 2.356
10.014 2.356
10.081 2.356
10.148 2.355
10.215 2.355
10.281 2.355
10.347 2.354
10.413 2.353
10.478 2.352
10.543 2.351
10.607 2.350
10.671 2.349
10.735 2.347
10.798 2.346
10.860 2.344
10.922 2.342
10.983 2.341
11.044 2.339
11.104 2.336
11.164 2.334
11.223 2.332
11.281 2.329
11.339 2.327
11.397 2.324
11.454 2.322
11.510 2.319
11.566 2.316
11.621 2.313
11.676 2.310
11.730 2.307
11.784 2.304
11.837 2.301
11.890 2.298
11.943 2.295
11.995 2.292
12.047 2.288
12.099 2.285
12.150 2.282
12.201 2.279
12.253 2.276
12.304 2.273
12.355 2.270
12.406 2.267
12.457 2.264
12.509 2.261
12.560 2.258
12.612 2.255
12.664 2.253
12.717 2.250
12.770 2.248
12.823 2.245
12.877 2.243
12.931 2.241
12.986 2.239
13.042 2.237
13.099 2.235
13.156 2.233
13.215 2.232
13.274 2.231
13.334 2.229
13.395 2.228
13.457 2.227
13.520 2.227
13.584 2.226
13.649 2.226
13.715 2.226
13.782 2.226
13.851 2.226
13.920 2.227
13.991 2.227
14.063 2.228
14.136 2.229
14.210 2.230
14.285 2.232
14.361 2.233
14.438 2.235
14.516 2.237
14.595 2.239
14.674 2.241
14.755 2.243
14.836 2.246
14.917 2.248
14.999 2.251
15.082 2.253
15.165 2.256
15.248 2.259
15.331 2.261
15.415 2.264
15.498 2.266
15.581 2.269
15.665 2.271
15.747 2.274
15.830 2.276
15.912 2.278
15.993 2.280
16.074 2.281
16.153 2.283
16.233 2.284
16.311 2.286
16.388 2.287
16.464 2.287
16.539 2.288
16.613 2.288
16.685 2.288
16.757 2.288
16.827 2.288
16.896 2.287
16.963 2.287
17.029 2.286
17.094 2.285
17.157 2.283
17.219 2.282
17.280 2.280
17.339 2.278
17.397 2.276
17.453 2.274
17.509 2.272
17.563 2.269
17.615 2.267
17.666 2.264
17.716 2.261
17.765 2.258
17.813 2.255
17.859 2.252
17.905 2.248
17.949 2.245
17.993 2.242
18.035 2.238
18.077 2.235
18.118 2.232
18.158 2.228
18.198 2.225
18.238 2.221
18.276 2.218
18.315 2.214
18.353 2.211
18.390 2.207
18.428 2.204
18.466 2.200
18.503 2.197
18.539 2.193
18.575 2.190
18.611 2.186
18.647 2.183
18.683 2.180
18.720 2.176
18.756 2.173
18.793 2.170
18.829 2.166
18.867 2.163
18.904 2.160
18.942 2.157
18.981 2.154
19.023 2.151
19.066 2.147
19.110 2.144
19.155 2.141
19.200 2.139
19.245 2.136
19.292 2.133
19.338 2.130
19.384 2.127
19.431 2.124
19.477 2.122
19.523 2.119
19.570 2.116
19.615 2.114
19.662 2.111
19.709 2.109
19.758 2.106
19.809 2.104
19.862 2.102
19.918 2.100
19.977 2.098
20.039 2.096
20.106 2.095
20.177 2.094
20.256 2.093
20.345 2.093
20.447 2.094
20.557 2.092
338
0.100 2.293
0.161 2.294
0.221 2.295
0.282 2.297
0.342 2.299
0.401 2.301
0.461 2.305
0.520 2.308
0.579 2.313
0.637 2.318
0.695 2.324
0.752 2.331
0.808 2.339
0.863 2.348
0.918 2.358
0.972 2.370
1.025 2.383
1.077 2.399
1.129 2.416
1.180 2.437
1.232 2.460
1.283 2.488
1.336 2.519
1.391 2.554
1.449 2.595
1.513 2.640
1.584 2.685
1.663 2.721
1.745 2.748
1.829 2.768
1.915 2.785
2.001 2.798
2.085 2.809
2.170 2.817
2.254 2.824
2.338 2.829
2.421 2.833
2.505 2.835
2.588 2.837
2.671 2.837
2.754 2.837
2.837 2.835
2.919 2.833
3.001 2.830
3.083 2.826
3.164 2.821
3.244 2.816
3.325 2.810
3.404 2.803
3.483 2.796
3.562 2.789
3.640 2.781
3.717 2.773
3.794 2.765
3.869 2.756
3.944 2.748
4.018 2.739
4.091 2.730
4.163 2.721
4.234 2.712
4.305 2.704
4.375 2.695
4.444 2.686
4.512 2.677
4.580 2.669
4.647 2.660
4.714 2.652
4.780 2.644
4.846 2.636
4.911 2.628
4.976 2.621
5.040 2.613
5.105 2.606
5.169 2.599
5.232 2.592
5.296 2.585
5.359 2.578
5.422 2.572
5.484 2.565
5.547 2.559
5.609 2.553
5.671 2.547
5.732 2.541
5.793 2.535
5.854 2.530
5.915 2.524
5.975 2.519
6.035 2.513
6.095 2.508
6.155 2.503
6.214 2.498
6.273 2.493
6.332 2.488
6.390 2.483
6.448 2.479
6.506 2.474
6.564 2.470
6.622 2.465
6.679 2.461
6.736 2.457
6.793 2.453
6.850 2.449
6.906 2.445
6.963 2.441
7.019 2.437
7.075 2.434
7.131 2.430
7.187 2.427
7.243 2.424
7.299 2.420
7.355 2.417
7.411 2.414
7.467 2.412
7.523 2.409
7.579 2.407
7.635 2.404
7.691 2.402
7.748 2.400
7.805 2.398
7.862 2.396
7.919 2.394
7.976 2.392
8.034 2.391
8.092 2.389
8.150 2.388
8.209 2.387
8.268 2.386
8.327 2.385
8.387 2.384
8.447 2.384
8.508 2.383
8.569 2.383
8.630 2.382
8.692 2.382
8.754 2.382
8.817 2.382
8.880 2.382
8.944 2.382
9.008 2.382
9.073 2.382
9.138 2.383
9.203 2.383
9.269 2.383
9.335 2.384
9.402 2.384
9.469 2.384
9.536 2.385
9.603 2.385
9.671 2.385
9.739 2.385
9.807 2.385
9.875 2.386
9.943 2.386
10.011 2.386
10.080 2.385
10.148 2.385
10.216 2.385
10.284 2.385
10.352 2.384
10.420 2.383
10.487 2.383
10.554 2.382
10.621 2.381
10.688 2.380
10.754 2.378
10.820 2.377
10.885 2.375
10.950 2.374
11.014 2.372
11.078 2.370
11.141 2.368
11.203 2.366
11.266 2.364
11.327 2.361
11.388 2.359
11.448 2.356
11.508 2.354
11.568 2.351
11.626 2.348
11.685 2.346
11.743 2.343
11.800 2.340
11.857 2.337
11.914 2.334
11.970 2.331
12.026 2.328
12.081 2.325
12.136 2.322
12.191 2.319
12.245 2.316
12.299 2.312
12.353 2.309
12.407 2.306
12.460 2.303
12.514 2.300
12.567 2.297
12.621 2.294
12.674 2.292
12.728 2.289
12.782 2.286
12.835 2.284
12.889 2.281
12.944 2.279
12.999 2.276
13.054 2.274
13.109 2.272
13.165 2.270
13.222 2.268
13.279 2.266
13.337 2.264
13.395 2.263
13.454 2.262
13.514 2.260
13.575 2.259
13.636 2.259
13.699 2.258
13.762 2.257
13.826 2.257
13.892 2.257
13.958 2.257
14.025 2.257
14.093 2.258
14.162 2.258
14.232 2.259
14.303 2.260
14.375 2.261
14.448 2.262
14.522 2.264
14.597 2.265
14.673 2.267
14.749 2.269
14.827 2.271
14.905 2.273
14.984 2.275
15.063 2.278
15.143 2.280
15.224 2.282
15.305 2.285
15.387 2.287
15.468 2.290
15.550 2.292
15.633 2.294
15.715 2.297
15.797 2.299
15.879 2.301
15.961 2.303
16.043 2.305
16.124 2.307
16.205 2.308
16.285 2.310
16.365 2.311
16.444 2.312
16.522 2.313
16.600 2.314
16.676 2.314
16.752 2.315
16.826 2.315
16.900 2.315
16.972 2.314
17.043 2.314
17.113 2.313
17.182 2.312
17.250 2.311
17.316 2.310
17.381 2.308
17.445 2.307
17.508 2.305
17.570 2.303
17.630 2.301
17.689 2.298
17.747 2.296
17.803 2.293
17.859 2.291
17.913 2.288
17.966 2.285
18.018 2.282
18.069 2.278
18.119 2.275
18.168 2.272
18.215 2.268
18.262 2.264
18.308 2.261
18.353 2.257
18.398 2.253
18.441 2.250
18.484 2.246
18.526 2.242
18.568 2.238
18.609 2.235
18.650 2.231
18.691 2.227
18.732 2.223
18.772 2.220
18.812 2.216
18.852 2.212
18.892 2.209
18.932 2.205
18.972 2.202
19.012 2.198
19.053 2.195
19.093 2.191
19.134 2.188
19.175 2.184
19.216 2.181
19.257 2.178
19.299 2.175
19.342 2.172
19.385 2.169
19.428 2.166
19.472 2.163
19.517 2.160
19.562 2.157
19.607 2.154
19.653 2.152
19.701 2.149
19.749 2.146
19.799 2.144
19.849 2.142
19.899 2.139
19.950 2.137
20.001 2.135
20.053 2.133
20.105 2.131
20.158 2.129
20.214 2.127
20.271 2.125
20.328 2.124
20.386 2.122
20.444 2.121
20.503 2.120
20.563 2.118
20.626 2.117
20.693 2.117
20.766 2.116
20.839 2.116
20.912 2.116
20.980 2.117
21.138 2.119
338
0.100 2.328
0.161 2.328
0.221 2.330
0.282 2.331
0.342 2.334
0.402 2.336
0.461 2.340
0.520 2.344
0.579 2.349
0.638 2.354
0.695 2.360
0.753 2.368
0.809 2.376
0.865 2.386
0.921 2.397
0.975 2.409
1.029 2.423
1.083 2.440
1.136 2.459
1.189 2.481
1.242 2.506
1.297 2.535
1.353 2.566
1.412 2.602
1.474 2.643
1.543 2.688
1.620 2.728
1.702 2.758
1.788 2.781
1.874 2.800
1.961 2.815
2.047 2.827
2.133 2.837
2.218 2.844
2.304 2.850
2.389 2.855
2.474 2.858
2.559 2.860
2.644 2.861
2.729 2.861
2.814 2.860
2.898 2.858
2.982 2.855
3.066 2.851
3.149 2.847
3.232 2.841
3.314 2.836
3.396 2.829
3.477 2.822
3.557 2.815
3.637 2.807
3.716 2.799
3.795 2.791
3.872 2.783
3.950 2.774
4.026 2.765
4.102 2.756
4.177 2.747
4.251 2.739
4.325 2.730
4.397 2.721
4.469 2.712
4.540 2.703
4.610 2.695
4.680 2.686
4.749 2.678
4.818 2.670
4.886 2.662
4.954 2.654
5.021 2.646
5.088 2.639
5.155 2.632
5.221 2.624
5.287 2.617
5.353 2.611
5.418 2.604
5.483 2.597
5.548 2.591
5.613 2.585
5.677 2.579
5.741 2.573
5.805 2.567
5.869 2.561
5.933 2.555
5.996 2.550
6.059 2.544
6.121 2.539
6.183 2.534
6.245 2.529
6.307 2.524
6.369 2.519
6.430 2.514
6.491 2.510
6.552 2.505
6.612 2.501
6.672 2.496
6.732 2.492
6.792 2.488
6.852 2.484
6.911 2.480
6.970 2.476
7.029 2.472
7.088 2.468
7.147 2.465
7.205 2.461
7.264 2.458
7.322 2.454
7.381 2.451
7.439 2.448
7.498 2.445
7.556 2.443
7.615 2.440
7.673 2.438
7.732 2.435
7.790 2.433
7.849 2.431
7.908 2.429
7.967 2.427
8.027 2.425
8.086 2.424
8.146 2.422
8.206 2.421
8.267 2.420
8.328 2.418
8.389 2.417
8.450 2.417
8.512 2.416
8.574 2.415
8.636 2.415
8.699 2.414
8.763 2.414
8.826 2.414
8.891 2.413
8.955 2.413
9.020 2.413
9.085 2.413
9.151 2.413
9.217 2.413
9.284 2.414
9.351 2.414
9.418 2.414
9.486 2.414
9.554 2.414
9.622 2.415
9.691 2.415
9.759 2.415
9.828 2.415
9.897 2.415
9.967 2.415
10.036 2.415
10.106 2.415
10.175 2.415
10.245 2.414
10.314 2.414
10.384 2.413
10.453 2.413
10.522 2.412
10.591 2.411
10.660 2.410
10.728 2.409
10.797 2.408
10.864 2.406
10.932 2.405
10.999 2.403
11.065 2.402
11.131 2.400
11.197 2.398
11.262 2.396
11.327 2.394
11.391 2.391
11.455 2.389
11.518 2.386
11.580 2.384
11.642 2.381
11.704 2.379
11.765 2.376
11.825 2.373
11.885 2.370
11.944 2.367
12.003 2.365
12.062 2.362
12.120 2.359
12.177 2.356
12.234 2.352
12.291 2.349
12.347 2.346
12.404 2.343
12.460 2.340
12.516 2.337
12.571 2.334
12.627 2.331
12.682 2.329
12.737 2.326
12.793 2.323
12.848 2.320
12.903 2.317
12.958 2.315
13.014 2.312
13.070 2.310
13.126 2.308
13.182 2.305
13.239 2.303
13.296 2.301
13.353 2.299
13.411 2.298
13.469 2.296
13.528 2.294
13.588 2.293
13.648 2.292
13.709 2.291
13.771 2.290
13.833 2.289
13.896 2.289
13.960 2.288
14.025 2.288
14.091 2.288
14.157 2.288
14.225 2.289
14.293 2.289
14.362 2.290
14.432 2.291
14.504 2.292
14.576 2.293
14.649 2.294
14.723 2.296
14.798 2.297
14.873 2.299
14.950 2.301
15.027 2.303
15.106 2.305
15.184 2.307
15.264 2.309
15.344 2.312
15.425 2.314
15.506 2.316
15.588 2.318
15.669 2.321
15.752 2.323
15.834 2.325
15.917 2.327
15.999 2.329
16.082 2.331
16.164 2.333
16.247 2.335
16.329 2.336
16.410 2.338
16.492 2.339
16.572 2.340
16.652 2.341
16.731 2.342
16.810 2.342
16.887 2.343
16.964 2.343
17.040 2.343
17.114 2.343
17.188 2.342
17.261 2.342
17.332 2.341
17.402 2.340
17.472 2.338
17.540 2.337
17.607 2.335
17.672 2.334
17.737 2.332
17.801 2.329
17.863 2.327
17.924 2.325
17.985 2.322
18.044 2.319
18.102 2.317
18.159 2.314
18.215 2.310
18.270 2.307
18.324 2.304
18.377 2.301
18.429 2.297
18.480 2.294
18.531 2.290
18.580 2.286
18.629 2.282
18.678 2.279
18.725 2.275
18.772 2.271
18.818 2.267
18.864 2.263
18.909 2.259
18.954 2.255
18.998 2.251
19.043 2.247
19.087 2.244
19.131 2.240
19.175 2.236
19.219 2.232
19.263 2.229
19.307 2.225
19.351 2.221
19.396 2.218
19.440 2.214
19.485 2.211
19.530 2.208
19.575 2.205
19.620 2.201
19.666 2.198
19.712 2.195
19.759 2.192
19.806 2.189
19.854 2.187
19.902 2.184
19.951 2.181
20.000 2.179
20.050 2.177
20.101 2.174
20.152 2.172
20.204 2.170
20.256 2.168
20.309 2.166
20.362 2.164
20.416 2.163
20.471 2.161
20.523 2.159
20.575 2.158
20.626 2.156
20.677 2.154
20.728 2.153
20.780 2.152
20.832 2.150
20.885 2.149
20.939 2.148
20.995 2.147
21.053 2.146
21.113 2.145
21.176 2.145
21.242 2.145
21.312 2.145
21.388 2.145
21.468 2.146
21.555 2.148
21.647 2.147
3
